TransactionDate,CustomerAgeBucket,State,CustomerGender,CustomerIncomeGroup,MarketChannel,ProductCategory,ProductSubCategory,ProductBrand,ProductName,UnitCost,ProductCost,NumberOfUnits,DiscountRate,TotalCost,ShippingCost,Profit,PaymentMethod,DeliveryTime
2023-01-11,26-35,GA,Male,Middle,Affiliates,Clothing,Jeans,Wrangler,Authentics,40.0,30.0,1.0,1.47,40.0,5.0,5.0,Debit Card,3.0
2023-01-11,66+,IL,Female,High,Organic,Clothing,Jeans,Levis,Slim Fit,73.0,50.0,1.0,1.45,73.0,8.0,15.0,Credit Card,4.0
2023-01-11,46-55,IL,Other,High,Affiliates,Electronics,Laptops,Apple Laptop,MacBook Pro M3,1866.0,1500.0,1.0,1.63,1866.0,15.0,351.0,BNPL,5.0
2023-01-11,46-55,FL,Female,High,App,Clothing,Jeans,Levis,Bootcut,119.0,100.0,3.0,0.58,356.0,10.0,46.0,Digital Wallet,4.0
2023-01-11,36-45,PA,Female,Low,Organic,Clothing,Jeans,Wrangler,Authentics,47.0,30.0,3.0,0.5,140.0,11.0,39.0,Debit Card,4.0
2023-01-11,36-45,NY,Male,Low,App,Clothing,T-Shirts,Adidas,Performance,65.0,45.0,5.0,1.64,323.0,14.0,84.0,Debit Card,7.0
2023-01-11,46-55,OH,Male,High,PPC,Beauty,Makeup,Revlon,ColorStay Lipstick,20.0,15.0,1.0,0.65,20.0,6.0,-1.0,Credit Card,3.0
2023-01-11,18-25,PA,Female,High,Email,Electronics,Smartphones,Apple,iPhone 15,1096.0,800.0,1.0,0.84,1096.0,11.0,285.0,Debit Card,4.0
2023-01-11,56-65,NY,Other,Middle,Organic,Clothing,T-Shirts,Nike,Sportswear,36.0,25.0,4.0,1.77,143.0,13.0,31.0,Debit Card,3.0
2023-01-11,26-35,TX,Male,Middle,App,Home,Furniture,Ashley Furniture,Bed Frame,243.0,100.0,1.0,1.95,243.0,15.0,129.0,Debit Card,5.0
2023-01-11,36-45,OH,Female,Middle,App,Beauty,Makeup,Maybelline,Fit Me Foundation,24.0,15.0,6.0,0.72,141.0,9.0,42.0,Debit Card,7.0
2023-01-11,18-25,TX,Male,Middle,Affiliates,Beauty,Makeup,Maybelline,Fit Me Foundation,20.0,15.0,4.0,1.76,79.0,7.0,11.0,Digital Wallet,5.0
2023-01-11,26-35,PA,Female,Middle,PPC,Clothing,T-Shirts,Nike,Sportswear,38.0,25.0,4.0,1.96,151.0,11.0,40.0,Digital Wallet,6.0
2023-01-11,26-35,NC,Female,Low,Others,Home,Beds,Tempur-Pedic,Contour Elite,1954.0,1700.0,2.0,0.63,3908.0,33.0,475.0,Digital Wallet,5.0
2023-01-11,46-55,IL,Female,Low,Organic,Beauty,Makeup,Revlon,ColorStay Lipstick,19.0,15.0,5.0,1.54,93.0,10.0,8.0,Digital Wallet,6.0
2023-01-11,46-55,FL,Male,Middle,Organic,Home,Furniture,IKEA,Billy Bookcase,105.0,100.0,2.0,1.43,210.0,26.0,-15.0,Credit Card,4.0
2023-01-11,66+,NY,Male,Middle,Email,Electronics,Smartphones,Apple,iPhone SE,556.0,400.0,3.0,2.0,1669.0,23.0,446.0,BNPL,5.0
2023-01-11,36-45,NC,Male,Low,Email,Clothing,T-Shirts,Adidas,Performance,66.0,45.0,2.0,1.64,131.0,11.0,30.0,BNPL,5.0
2023-01-11,36-45,CA,Female,Middle,App,Home,Furniture,IKEA,Billy Bookcase,155.0,100.0,1.0,0.7,155.0,13.0,42.0,Credit Card,3.0
2023-01-11,18-25,NC,Other,Low,Organic,Electronics,Smartphones,Apple,iPhone 14,1036.0,700.0,3.0,0.58,3107.0,24.0,983.0,Digital Wallet,5.0
2023-01-11,56-65,CA,Female,Middle,PPC,Home,Furniture,IKEA,Kallax Shelf,86.0,60.0,2.0,1.51,171.0,23.0,29.0,Digital Wallet,5.0
2023-01-11,26-35,NY,Female,Middle,Affiliates,Home,Furniture,IKEA,Kallax Shelf,69.0,60.0,2.0,0.69,138.0,28.0,-10.0,Digital Wallet,5.0
2023-01-11,46-55,PA,Female,Middle,PPC,Home,Furniture,IKEA,Billy Bookcase,160.0,100.0,2.0,1.43,320.0,26.0,93.0,BNPL,5.0
2023-01-11,66+,OH,Other,Middle,Organic,Clothing,Jeans,Wrangler,Authentics,55.0,30.0,2.0,1.57,110.0,8.0,42.0,Credit Card,9.0
2023-01-11,26-35,MI,Female,Middle,App,Home,Beds,Tempur-Pedic,Cloud Supreme,2057.0,1800.0,1.0,1.0,2057.0,19.0,238.0,Credit Card,5.0
2023-01-11,26-35,TX,Female,High,App,Electronics,Smartphones,Apple,iPhone 15,1100.0,800.0,2.0,1.36,2200.0,15.0,585.0,Credit Card,4.0
2023-01-11,46-55,CA,Male,High,Others,Electronics,Smartphones,Samsung,Galaxy S21,803.0,500.0,3.0,0.69,2409.0,18.0,891.0,Credit Card,3.0
2023-01-11,26-35,PA,Female,Low,Others,Beauty,Skincare,Neutrogena,Oil-Free Acne Wash,19.0,15.0,1.0,1.73,19.0,7.0,-3.0,Digital Wallet,6.0
2023-01-11,18-25,IL,Male,Middle,Email,Clothing,T-Shirts,Adidas,Performance,69.0,45.0,4.0,1.34,276.0,12.0,84.0,Debit Card,4.0
2023-01-11,26-35,PA,Male,Middle,App,Clothing,Jeans,Levis,501 Original,91.0,60.0,2.0,0.69,181.0,9.0,52.0,BNPL,5.0
2023-01-11,26-35,IL,Other,Middle,PPC,Clothing,Jeans,Wrangler,Authentics,51.0,30.0,3.0,0.91,152.0,11.0,51.0,BNPL,4.0
2023-01-11,18-25,FL,Other,Low,Organic,Home,Beds,Serta,Perfect Sleeper,933.0,750.0,2.0,1.67,1866.0,30.0,336.0,Credit Card,5.0
2023-01-11,26-35,CA,Female,Middle,App,Electronics,Smartphones,Samsung,Galaxy S21,737.0,500.0,2.0,1.06,1474.0,13.0,461.0,Debit Card,3.0
2023-01-11,18-25,TX,Male,Middle,Organic,Clothing,Jeans,Levis,Bootcut,119.0,100.0,3.0,1.46,356.0,9.0,47.0,Digital Wallet,4.0
2023-01-11,46-55,IL,Other,Middle,Others,Electronics,Smartphones,Samsung,Galaxy A32,334.0,250.0,3.0,1.18,1003.0,22.0,231.0,Digital Wallet,5.0
2023-01-11,36-45,NY,Male,Low,PPC,Home,Furniture,Ashley Furniture,Bed Frame,252.0,100.0,2.0,1.77,504.0,28.0,277.0,Digital Wallet,5.0
2023-01-11,36-45,MI,Male,Middle,PPC,Clothing,T-Shirts,Nike,Dry-FIT,28.0,20.0,1.0,1.36,28.0,8.0,0.0,Digital Wallet,5.0
2023-01-11,36-45,TX,Other,Low,App,Home,Furniture,Ashley Furniture,Bed Frame,251.0,100.0,1.0,1.61,251.0,15.0,137.0,Debit Card,4.0
2023-01-11,46-55,CA,Male,Middle,App,Home,Beds,Tempur-Pedic,Contour Elite,2091.0,1700.0,2.0,0.64,4182.0,27.0,755.0,Credit Card,4.0
2023-01-11,46-55,TX,Female,Low,Affiliates,Electronics,Laptops,Dell,Inspiron,808.0,600.0,2.0,1.69,1616.0,21.0,395.0,Debit Card,5.0
2023-01-11,66+,NY,Male,Low,Affiliates,Beauty,Makeup,Maybelline,Fit Me Foundation,24.0,15.0,6.0,1.01,146.0,11.0,45.0,Credit Card,7.0
2023-01-11,36-45,OH,Female,Low,Organic,Home,Beds,Tempur-Pedic,Cloud Supreme,2057.0,1800.0,2.0,1.5,4114.0,29.0,484.0,Credit Card,5.0
2023-01-11,18-25,NY,Female,Low,Others,Beauty,Makeup,Maybelline,Fit Me Foundation,13.0,15.0,3.0,1.06,40.0,10.0,-15.0,Digital Wallet,5.0
2023-01-11,18-25,TX,Male,Middle,Organic,Clothing,Jeans,Levis,Bootcut,95.0,100.0,2.0,0.89,191.0,8.0,-17.0,Credit Card,4.0
2023-01-11,18-25,IL,Female,Middle,Organic,Beauty,Skincare,Neutrogena,Oil-Free Acne Wash,18.0,15.0,1.0,1.1,18.0,8.0,-5.0,Credit Card,3.0
2023-01-11,26-35,FL,Female,Middle,Affiliates,Home,Beds,Serta,iComfort,2248.0,1900.0,1.0,1.12,2248.0,18.0,330.0,Digital Wallet,5.0
2023-01-11,26-35,NY,Female,Middle,Affiliates,Home,Furniture,IKEA,Kallax Shelf,56.0,60.0,1.0,1.99,56.0,18.0,-22.0,Digital Wallet,5.0
2023-01-11,66+,NC,Female,Middle,App,Clothing,T-Shirts,Adidas,Essentials,49.0,35.0,3.0,1.73,146.0,12.0,28.0,BNPL,6.0
2023-01-11,26-35,TX,Other,Low,App,Clothing,T-Shirts,Nike,Dry-FIT,31.0,20.0,4.0,0.9,124.0,10.0,34.0,Credit Card,5.0
2023-01-11,26-35,OH,Male,Middle,Others,Electronics,Laptops,Dell,Inspiron,805.0,600.0,2.0,1.83,1611.0,21.0,390.0,Digital Wallet,8.0
2023-01-11,18-25,FL,Female,Low,Email,Clothing,T-Shirts,Nike,Pro,50.0,30.0,4.0,1.91,202.0,11.0,71.0,Digital Wallet,7.0
2023-01-11,26-35,OH,Other,Middle,App,Clothing,T-Shirts,Nike,Sportswear,40.0,25.0,1.0,1.81,40.0,7.0,8.0,Debit Card,4.0
2023-01-11,36-45,NC,Female,High,PPC,Clothing,Jeans,Levis,501 Original,91.0,60.0,2.0,0.92,181.0,12.0,50.0,Credit Card,4.0
2023-01-11,18-25,FL,Female,Low,Affiliates,Beauty,Makeup,Revlon,PhotoReady Concealer,18.0,12.0,4.0,1.01,71.0,8.0,14.0,BNPL,5.0
2023-01-11,56-65,NY,Male,High,PPC,Electronics,Smartphones,Apple,iPhone SE,604.0,400.0,2.0,1.27,1208.0,18.0,391.0,Credit Card,4.0
2023-01-11,18-25,TX,Male,Low,App,Clothing,Jeans,Wrangler,Regular Fit,60.0,35.0,1.0,1.62,60.0,6.0,19.0,Digital Wallet,3.0
2023-01-11,36-45,CA,Male,Middle,Organic,Home,Furniture,Ashley Furniture,Dining Table,375.0,200.0,1.0,1.08,375.0,13.0,162.0,Debit Card,2.0
2023-01-11,26-35,CA,Male,High,Affiliates,Home,Furniture,IKEA,Kallax Shelf,56.0,60.0,1.0,1.42,56.0,13.0,-17.0,BNPL,4.0
2023-01-11,26-35,FL,Female,Middle,Organic,Beauty,Makeup,Revlon,ColorStay Lipstick,23.0,15.0,10.0,1.2,225.0,12.0,64.0,Digital Wallet,8.0
2023-01-11,26-35,IL,Male,High,Organic,Electronics,Smartphones,Apple,iPhone SE,594.0,400.0,2.0,1.16,1188.0,17.0,371.0,Credit Card,5.0
2023-01-11,66+,OH,Female,Middle,Affiliates,Beauty,Makeup,Revlon,ColorStay Lipstick,23.0,15.0,3.0,1.5,70.0,7.0,18.0,Debit Card,5.0
2023-01-11,56-65,NC,Other,Middle,Others,Home,Furniture,IKEA,Billy Bookcase,163.0,100.0,1.0,0.89,163.0,19.0,44.0,Credit Card,5.0
2023-01-11,18-25,TX,Male,Middle,Organic,Home,Beds,Tempur-Pedic,Contour Elite,1981.0,1700.0,2.0,1.95,3961.0,29.0,532.0,Debit Card,5.0
2023-01-11,18-25,TX,Other,Low,Organic,Clothing,Jeans,Levis,Slim Fit,70.0,50.0,1.0,0.94,70.0,6.0,13.0,Digital Wallet,3.0
2023-01-11,26-35,NC,Female,Low,Organic,Clothing,T-Shirts,Nike,Pro,56.0,30.0,5.0,1.79,278.0,15.0,113.0,Digital Wallet,5.0
2023-01-11,36-45,NC,Male,Low,App,Electronics,Smartphones,Apple,iPhone 14,985.0,700.0,1.0,1.9,985.0,14.0,271.0,Credit Card,5.0
2023-01-11,36-45,FL,Other,Low,PPC,Beauty,Makeup,Revlon,PhotoReady Concealer,23.0,12.0,2.0,1.53,47.0,7.0,15.0,Credit Card,4.0
2023-01-11,26-35,CA,Female,High,Organic,Electronics,Laptops,Apple Laptop,MacBook Pro M3,1814.0,1500.0,2.0,1.14,3629.0,19.0,610.0,Digital Wallet,3.0
2023-01-11,26-35,TX,Male,High,Affiliates,Home,Furniture,IKEA,Billy Bookcase,182.0,100.0,1.0,0.78,182.0,15.0,68.0,Debit Card,4.0
2023-01-11,36-45,CA,Other,High,PPC,Clothing,T-Shirts,Nike,Dry-FIT,35.0,20.0,2.0,1.86,69.0,5.0,24.0,Debit Card,3.0
2023-01-11,46-55,CA,Male,Low,Others,Electronics,Smartphones,Samsung,Galaxy A32,331.0,250.0,3.0,1.72,993.0,18.0,226.0,Debit Card,2.0
2023-01-11,26-35,TX,Female,Low,Affiliates,Beauty,Skincare,Neutrogena,Oil-Free Acne Wash,23.0,15.0,3.0,0.58,68.0,7.0,16.0,Debit Card,4.0
2023-01-11,26-35,CA,Male,High,Affiliates,Electronics,Laptops,Apple Laptop,MacBook Pro M2,1341.0,1200.0,2.0,1.99,2683.0,19.0,264.0,Credit Card,4.0
2023-01-11,36-45,IL,Male,Low,Email,Clothing,Jeans,Wrangler,Authentics,55.0,30.0,2.0,1.63,110.0,10.0,40.0,Digital Wallet,5.0
2023-01-11,18-25,CA,Male,High,Others,Electronics,Smartphones,Apple,iPhone 15,1075.0,800.0,1.0,1.07,1075.0,8.0,268.0,Digital Wallet,3.0
2023-01-11,66+,NY,Female,Low,Affiliates,Beauty,Makeup,Maybelline,Fit Me Foundation,23.0,15.0,6.0,1.79,137.0,11.0,36.0,Credit Card,8.0
2023-01-11,26-35,CA,Female,Low,Organic,Home,Beds,Tempur-Pedic,Cloud Supreme,2133.0,1800.0,2.0,1.45,4265.0,27.0,638.0,Debit Card,5.0
2023-01-11,26-35,IL,Male,High,Others,Home,Furniture,Ashley Furniture,Dining Table,336.0,200.0,2.0,0.62,673.0,27.0,246.0,Digital Wallet,5.0
2023-01-11,46-55,NC,Female,Middle,Affiliates,Clothing,Jeans,Wrangler,Authentics,53.0,30.0,1.0,1.75,53.0,10.0,12.0,Debit Card,4.0
2023-01-11,66+,GA,Other,High,Affiliates,Electronics,Laptops,Dell,XPS,1647.0,1300.0,1.0,0.92,1647.0,12.0,335.0,Credit Card,6.0
2023-01-11,26-35,TX,Female,Middle,App,Electronics,Smartphones,Apple,iPhone 15,1066.0,800.0,2.0,1.33,2132.0,15.0,517.0,Credit Card,6.0
2023-01-11,46-55,IL,Other,Low,Organic,Electronics,Smartphones,Samsung,Galaxy S21,750.0,500.0,1.0,1.95,750.0,12.0,238.0,BNPL,5.0
2023-01-11,18-25,TX,Male,Middle,Others,Home,Furniture,IKEA,Billy Bookcase,162.0,100.0,2.0,0.82,323.0,25.0,98.0,Digital Wallet,5.0
2023-01-11,56-65,TX,Female,High,Others,Electronics,Laptops,Dell,XPS,1530.0,1300.0,1.0,1.25,1530.0,13.0,217.0,Credit Card,4.0
2023-01-11,56-65,OH,Male,Middle,Affiliates,Electronics,Laptops,HP,Pavilion,763.0,600.0,2.0,1.7,1527.0,21.0,305.0,Digital Wallet,5.0
2023-01-11,26-35,CA,Male,Middle,Others,Clothing,Jeans,Wrangler,Authentics,42.0,30.0,3.0,1.9,125.0,7.0,28.0,Digital Wallet,5.0
2023-01-11,18-25,TX,Other,Middle,Affiliates,Clothing,T-Shirts,Adidas,Essentials,40.0,35.0,3.0,0.58,121.0,8.0,8.0,Debit Card,5.0
2023-01-11,36-45,PA,Female,Middle,PPC,Clothing,Jeans,Levis,Bootcut,120.0,100.0,3.0,1.7,360.0,11.0,49.0,Debit Card,5.0
2023-01-11,26-35,CA,Male,Low,App,Clothing,T-Shirts,Nike,Sportswear,36.0,25.0,1.0,1.78,36.0,4.0,7.0,Credit Card,4.0
2023-01-11,26-35,CA,Male,Low,Affiliates,Clothing,T-Shirts,Nike,Pro,48.0,30.0,2.0,0.91,95.0,5.0,30.0,Debit Card,3.0
2023-01-11,66+,FL,Male,Middle,App,Home,Furniture,IKEA,Kallax Shelf,61.0,60.0,1.0,0.61,61.0,16.0,-15.0,Debit Card,5.0
2023-01-11,18-25,IL,Female,High,Affiliates,Clothing,T-Shirts,Adidas,Performance,69.0,45.0,2.0,0.8,138.0,9.0,39.0,BNPL,5.0
2023-01-11,36-45,CA,Female,Middle,App,Beauty,Makeup,Revlon,PhotoReady Concealer,16.0,12.0,3.0,1.3,48.0,5.0,8.0,Credit Card,5.0
2023-01-11,26-35,CA,Female,Middle,Others,Home,Beds,Serta,iComfort,2224.0,1900.0,1.0,1.29,2224.0,15.0,309.0,Credit Card,6.0
2023-01-11,36-45,IL,Other,Middle,Organic,Clothing,T-Shirts,Nike,Dry-FIT,27.0,20.0,3.0,1.0,80.0,10.0,9.0,Credit Card,5.0
2023-01-11,26-35,OH,Male,Low,Affiliates,Electronics,Smartphones,Samsung,Galaxy Z Fold 5,1820.0,1500.0,3.0,1.38,5459.0,20.0,938.0,Digital Wallet,4.0
2023-01-11,26-35,FL,Male,Middle,Email,Electronics,Smartphones,Samsung,Galaxy Z Fold 5,1782.0,1500.0,3.0,1.24,5346.0,21.0,825.0,Digital Wallet,5.0
2023-01-11,26-35,PA,Female,Middle,Others,Clothing,Jeans,Levis,Slim Fit,63.0,50.0,3.0,0.8,190.0,11.0,29.0,BNPL,4.0
2023-01-11,66+,TX,Other,Middle,Email,Electronics,Smartphones,Samsung,Galaxy S21,798.0,500.0,2.0,0.86,1596.0,15.0,582.0,Debit Card,5.0
2023-01-11,46-55,IL,Female,Low,Affiliates,Electronics,Smartphones,Apple,iPhone 15,1076.0,800.0,3.0,1.61,3227.0,22.0,805.0,Debit Card,4.0
2023-01-11,26-35,CA,Other,Low,Organic,Clothing,Jeans,Wrangler,Regular Fit,56.0,35.0,3.0,0.97,167.0,7.0,55.0,Digital Wallet,4.0
2023-01-11,66+,PA,Male,Middle,Organic,Electronics,Smartphones,Samsung,Galaxy S21,762.0,500.0,2.0,1.4,1523.0,16.0,507.0,BNPL,4.0
2023-01-11,36-45,FL,Male,Middle,Email,Electronics,Laptops,HP,Pavilion,788.0,600.0,2.0,1.45,1576.0,22.0,354.0,Digital Wallet,6.0
2023-01-11,26-35,CA,Male,Low,Email,Home,Furniture,IKEA,Billy Bookcase,169.0,100.0,1.0,1.48,169.0,13.0,56.0,Credit Card,4.0
2023-01-11,26-35,TX,Male,Middle,App,Beauty,Makeup,Maybelline,Fit Me Foundation,22.0,15.0,6.0,1.81,131.0,8.0,33.0,Credit Card,6.0
2023-01-11,26-35,FL,Male,High,Affiliates,Electronics,Smartphones,Samsung,Galaxy S21,773.0,500.0,1.0,1.79,773.0,11.0,262.0,Debit Card,4.0
2023-01-11,36-45,NY,Female,High,Email,Clothing,T-Shirts,Nike,Dry-FIT,31.0,20.0,2.0,1.15,63.0,10.0,12.0,Credit Card,5.0
2023-01-11,46-55,CA,Other,Low,Email,Electronics,Smartphones,Apple,iPhone SE,612.0,400.0,2.0,1.8,1224.0,13.0,411.0,BNPL,4.0
2023-01-11,56-65,NC,Other,Middle,Organic,Home,Beds,Tempur-Pedic,Cloud Supreme,2021.0,1800.0,1.0,0.61,2021.0,21.0,200.0,Credit Card,5.0
2023-01-11,18-25,GA,Female,Middle,Email,Electronics,Smartphones,Samsung,Galaxy S21,750.0,500.0,2.0,1.59,1501.0,14.0,487.0,Credit Card,5.0
2023-01-11,26-35,CA,Male,Middle,Organic,Electronics,Laptops,HP,Envy,885.0,700.0,9.0,1.93,7962.0,75.0,1587.0,Credit Card,9.0
2023-01-11,26-35,CA,Male,Low,Organic,Electronics,Laptops,Apple Laptop,MacBook Pro M3,1760.0,1500.0,2.0,1.86,3520.0,19.0,501.0,Credit Card,4.0
2023-01-11,66+,FL,Male,Middle,Others,Electronics,Smartphones,Samsung,Galaxy A32,316.0,250.0,3.0,0.61,949.0,21.0,178.0,Credit Card,6.0
2023-01-11,36-45,NY,Other,Middle,PPC,Clothing,Jeans,Levis,501 Original,82.0,60.0,2.0,1.94,163.0,11.0,32.0,Digital Wallet,5.0
2023-01-11,46-55,CA,Other,Low,Email,Home,Furniture,IKEA,Billy Bookcase,160.0,100.0,1.0,1.8,160.0,13.0,47.0,Digital Wallet,3.0
2023-01-11,66+,GA,Male,Middle,App,Beauty,Skincare,Neutrogena,Hydro Boost Gel,22.0,20.0,1.0,1.12,22.0,5.0,-3.0,Credit Card,3.0
2023-01-11,36-45,MI,Female,Middle,Organic,Clothing,Jeans,Levis,Bootcut,118.0,100.0,3.0,0.6,355.0,12.0,44.0,Credit Card,4.0
2023-01-11,18-25,NY,Male,Low,App,Electronics,Laptops,Dell,XPS,1601.0,1300.0,2.0,1.82,3203.0,24.0,579.0,Debit Card,5.0
2023-01-11,36-45,FL,Other,Low,Organic,Clothing,Jeans,Levis,Bootcut,123.0,100.0,2.0,1.86,245.0,9.0,37.0,Digital Wallet,4.0
2023-01-11,46-55,CA,Other,Low,Email,Beauty,Makeup,Maybelline,Fit Me Foundation,20.0,15.0,2.0,1.03,41.0,4.0,7.0,Digital Wallet,2.0
2023-01-11,18-25,NY,Female,Middle,Organic,Clothing,T-Shirts,Adidas,Performance,65.0,45.0,3.0,1.68,194.0,11.0,48.0,Credit Card,6.0
2023-01-11,56-65,GA,Female,Middle,Affiliates,Clothing,T-Shirts,Nike,Dry-FIT,27.0,20.0,3.0,0.77,81.0,7.0,13.0,Debit Card,6.0
2023-01-11,46-55,IL,Other,High,Affiliates,Beauty,Makeup,Maybelline,Lash Sensational Mascara,17.0,10.0,3.0,0.8,50.0,9.0,11.0,Debit Card,4.0
2023-01-11,66+,NY,Female,Middle,App,Electronics,Laptops,HP,Pavilion,799.0,600.0,2.0,1.07,1598.0,24.0,374.0,Debit Card,6.0
2023-01-11,56-65,MI,Female,Low,App,Clothing,Jeans,Levis,Bootcut,114.0,100.0,1.0,1.25,114.0,9.0,5.0,Credit Card,5.0
2023-01-11,26-35,CA,Female,Middle,PPC,Clothing,Jeans,Levis,Slim Fit,64.0,50.0,1.0,1.3,64.0,4.0,9.0,Digital Wallet,3.0
2023-01-11,56-65,MI,Other,Middle,Organic,Clothing,Jeans,Levis,501 Original,83.0,60.0,2.0,1.17,166.0,10.0,36.0,Debit Card,3.0
2023-01-11,36-45,FL,Male,Low,Others,Clothing,Jeans,Wrangler,Regular Fit,57.0,35.0,2.0,1.73,114.0,9.0,35.0,Credit Card,4.0
2023-01-11,26-35,OH,Female,Low,Others,Clothing,Jeans,Wrangler,Authentics,44.0,30.0,3.0,0.76,131.0,10.0,31.0,Debit Card,5.0
2023-01-11,36-45,OH,Male,Middle,Organic,Beauty,Makeup,Maybelline,Fit Me Foundation,21.0,15.0,6.0,0.89,127.0,9.0,28.0,Debit Card,6.0
2023-01-11,18-25,CA,Male,Middle,Organic,Beauty,Makeup,Maybelline,Fit Me Foundation,22.0,15.0,5.0,0.7,110.0,6.0,29.0,Credit Card,3.0
2023-01-11,26-35,NY,Female,Middle,Email,Home,Furniture,IKEA,Kallax Shelf,79.0,60.0,2.0,1.77,159.0,28.0,11.0,Credit Card,5.0
2023-01-11,56-65,MI,Male,Middle,Email,Beauty,Skincare,Neutrogena,Hydro Boost Gel,22.0,20.0,1.0,1.9,22.0,8.0,-6.0,Debit Card,4.0
2023-01-11,46-55,IL,Female,Low,PPC,Electronics,Smartphones,Apple,iPhone SE,543.0,400.0,1.0,1.53,543.0,12.0,131.0,Credit Card,4.0
2023-01-11,18-25,PA,Male,Middle,App,Clothing,T-Shirts,Nike,Dry-FIT,33.0,20.0,2.0,1.57,65.0,9.0,17.0,Debit Card,4.0
2023-01-11,26-35,TX,Male,High,App,Electronics,Smartphones,Samsung,Galaxy S21,684.0,500.0,2.0,1.61,1368.0,15.0,353.0,Debit Card,3.0
2023-01-11,26-35,NY,Other,Middle,Others,Clothing,T-Shirts,Nike,Sportswear,38.0,25.0,4.0,1.82,152.0,13.0,39.0,Digital Wallet,5.0
2023-01-11,36-45,FL,Female,Middle,Others,Electronics,Smartphones,Apple,iPhone 14,993.0,700.0,1.0,0.52,993.0,11.0,282.0,Digital Wallet,6.0
2023-01-11,26-35,GA,Female,Middle,Email,Clothing,Jeans,Wrangler,Regular Fit,59.0,35.0,2.0,1.11,118.0,7.0,41.0,Credit Card,4.0
2023-01-11,18-25,NY,Female,Middle,Affiliates,Clothing,T-Shirts,Nike,Sportswear,37.0,25.0,2.0,1.91,74.0,10.0,13.0,Digital Wallet,4.0
2023-01-11,56-65,TX,Female,High,Others,Beauty,Makeup,Revlon,ColorStay Lipstick,22.0,15.0,3.0,1.51,66.0,7.0,15.0,Digital Wallet,4.0
2023-01-11,56-65,CA,Female,Middle,PPC,Clothing,Jeans,Levis,Slim Fit,73.0,50.0,3.0,0.9,220.0,7.0,63.0,Digital Wallet,2.0
2023-01-11,36-45,CA,Male,High,Affiliates,Home,Furniture,IKEA,Billy Bookcase,154.0,100.0,1.0,0.7,154.0,13.0,41.0,Debit Card,5.0
2023-01-11,56-65,TX,Male,High,Email,Home,Furniture,IKEA,Billy Bookcase,133.0,100.0,1.0,1.78,133.0,15.0,18.0,Debit Card,4.0
2023-01-11,18-25,FL,Female,Middle,Others,Clothing,Jeans,Levis,501 Original,90.0,60.0,1.0,1.03,90.0,7.0,23.0,Debit Card,3.0
2023-01-11,46-55,NC,Female,Low,Organic,Home,Beds,Tempur-Pedic,Contour Elite,1998.0,1700.0,2.0,1.54,3996.0,33.0,564.0,Digital Wallet,7.0
2023-01-11,66+,PA,Male,Low,Organic,Clothing,Jeans,Levis,Slim Fit,67.0,50.0,3.0,0.77,201.0,11.0,40.0,Credit Card,5.0
2023-01-11,18-25,FL,Male,Middle,Email,Home,Furniture,IKEA,Billy Bookcase,143.0,100.0,2.0,1.57,286.0,26.0,60.0,Debit Card,5.0
2023-01-11,26-35,FL,Other,Middle,Email,Clothing,T-Shirts,Adidas,Performance,72.0,45.0,4.0,1.68,286.0,11.0,96.0,Digital Wallet,4.0
2023-01-11,18-25,OH,Male,High,Email,Clothing,T-Shirts,Nike,Dry-FIT,40.0,20.0,1.0,0.86,40.0,7.0,13.0,Credit Card,2.0
2023-01-11,26-35,PA,Female,Middle,App,Electronics,Smartphones,Samsung,Galaxy S21,814.0,500.0,2.0,1.63,1629.0,16.0,612.0,Credit Card,6.0
2023-01-11,46-55,IL,Male,Middle,App,Clothing,Jeans,Wrangler,Authentics,47.0,30.0,3.0,0.69,142.0,11.0,41.0,Digital Wallet,5.0
2023-01-11,56-65,IL,Male,Low,App,Clothing,T-Shirts,Adidas,Performance,66.0,45.0,1.0,0.5,66.0,8.0,13.0,Credit Card,4.0
2023-01-11,26-35,CA,Other,High,Email,Beauty,Makeup,Revlon,ColorStay Lipstick,18.0,15.0,4.0,1.08,73.0,5.0,8.0,Digital Wallet,4.0
2023-01-11,36-45,TX,Female,Middle,Others,Beauty,Skincare,Neutrogena,Oil-Free Acne Wash,19.0,15.0,4.0,1.41,76.0,8.0,9.0,Credit Card,6.0
2023-01-11,18-25,NY,Female,Low,Affiliates,Electronics,Smartphones,Apple,iPhone 15,1095.0,800.0,2.0,1.64,2190.0,18.0,572.0,Digital Wallet,6.0
2023-01-11,56-65,GA,Other,Middle,PPC,Electronics,Laptops,HP,Pavilion,810.0,600.0,2.0,1.57,1620.0,20.0,401.0,Debit Card,5.0
2023-01-11,26-35,NY,Other,Low,App,Home,Furniture,IKEA,Kallax Shelf,70.0,60.0,2.0,0.73,140.0,28.0,-8.0,Digital Wallet,7.0
2023-01-11,18-25,CA,Other,Middle,Email,Beauty,Makeup,Maybelline,Fit Me Foundation,19.0,15.0,6.0,1.99,116.0,6.0,20.0,Debit Card,6.0
2023-01-11,18-25,FL,Other,High,Affiliates,Home,Furniture,IKEA,Kallax Shelf,87.0,60.0,1.0,1.05,87.0,16.0,11.0,Digital Wallet,6.0
2023-01-11,36-45,PA,Other,High,App,Home,Furniture,IKEA,Billy Bookcase,123.0,100.0,1.0,0.82,123.0,16.0,7.0,Credit Card,6.0
2023-01-11,18-25,OH,Male,Low,Email,Electronics,Smartphones,Samsung,Galaxy S21,726.0,500.0,1.0,1.05,726.0,10.0,216.0,Digital Wallet,3.0
2023-01-11,66+,FL,Female,Low,Organic,Clothing,Jeans,Wrangler,Regular Fit,59.0,35.0,3.0,0.72,178.0,10.0,63.0,Digital Wallet,5.0
2023-01-11,18-25,FL,Female,Middle,PPC,Home,Furniture,IKEA,Billy Bookcase,118.0,100.0,2.0,1.83,236.0,26.0,10.0,Credit Card,5.0
2023-01-11,18-25,CA,Female,Middle,Organic,Electronics,Smartphones,Apple,iPhone 15,1102.0,800.0,1.0,1.25,1102.0,8.0,294.0,BNPL,3.0
2023-01-11,26-35,IL,Female,Middle,Others,Clothing,Jeans,Wrangler,Authentics,57.0,30.0,2.0,0.79,114.0,10.0,44.0,BNPL,3.0
2023-01-11,46-55,CA,Male,High,Others,Electronics,Smartphones,Apple,iPhone 15,1106.0,800.0,3.0,1.08,3318.0,18.0,900.0,Credit Card,5.0
2023-01-11,56-65,CA,Male,High,Organic,Beauty,Makeup,Maybelline,Lash Sensational Mascara,17.0,10.0,4.0,1.19,68.0,5.0,23.0,Debit Card,4.0
2023-01-11,46-55,NY,Female,Low,Others,Beauty,Makeup,Maybelline,Fit Me Foundation,20.0,15.0,3.0,1.33,59.0,10.0,5.0,Credit Card,4.0
2023-01-11,66+,FL,Other,High,Email,Clothing,Jeans,Wrangler,Regular Fit,54.0,35.0,2.0,1.6,107.0,9.0,29.0,Debit Card,4.0
2023-01-11,26-35,CA,Male,Low,Organic,Home,Furniture,IKEA,Billy Bookcase,163.0,100.0,2.0,0.63,327.0,23.0,104.0,Credit Card,3.0
2023-01-11,46-55,CA,Male,Low,Organic,Home,Furniture,Ashley Furniture,Sofa,445.0,300.0,1.0,1.75,445.0,13.0,132.0,Digital Wallet,2.0
2023-01-11,36-45,PA,Other,Middle,Organic,Home,Furniture,Ashley Furniture,Sofa,373.0,300.0,2.0,0.87,745.0,26.0,119.0,Credit Card,4.0
2023-01-11,26-35,CA,Other,Low,Affiliates,Home,Furniture,IKEA,Kallax Shelf,91.0,60.0,2.0,1.3,181.0,23.0,39.0,Debit Card,4.0
2023-01-11,36-45,GA,Female,Middle,Affiliates,Beauty,Makeup,Maybelline,Fit Me Foundation,19.0,15.0,5.0,1.39,97.0,7.0,15.0,Credit Card,5.0
2023-01-11,26-35,PA,Male,Middle,Others,Clothing,T-Shirts,Adidas,Essentials,41.0,35.0,2.0,1.21,82.0,9.0,4.0,Debit Card,4.0
2023-01-11,36-45,TX,Other,Middle,Others,Electronics,Laptops,Apple Laptop,MacBook Air M2,1266.0,1000.0,2.0,1.39,2531.0,21.0,510.0,Debit Card,4.0
2023-01-11,46-55,FL,Female,Middle,Affiliates,Clothing,T-Shirts,Adidas,Performance,80.0,45.0,1.0,0.55,80.0,7.0,28.0,Credit Card,3.0
2023-01-11,26-35,TX,Female,Low,Others,Home,Furniture,IKEA,Kallax Shelf,77.0,60.0,1.0,0.95,77.0,15.0,2.0,Credit Card,5.0
2023-01-11,56-65,MI,Male,Middle,Email,Clothing,T-Shirts,Adidas,Essentials,46.0,35.0,1.0,0.84,46.0,8.0,3.0,Digital Wallet,4.0
2023-01-11,56-65,MI,Female,Middle,App,Clothing,Jeans,Wrangler,Regular Fit,64.0,35.0,2.0,0.63,128.0,10.0,48.0,BNPL,6.0
2023-01-11,56-65,NC,Male,Middle,Email,Electronics,Smartphones,Apple,iPhone 15,1111.0,800.0,3.0,1.96,3334.0,24.0,910.0,Credit Card,5.0
2023-01-11,18-25,GA,Other,High,Affiliates,Home,Beds,Tempur-Pedic,Cloud Supreme,2056.0,1800.0,1.0,1.97,2056.0,16.0,241.0,Digital Wallet,4.0
2023-01-11,66+,FL,Other,Middle,Affiliates,Beauty,Makeup,Revlon,ColorStay Lipstick,20.0,15.0,3.0,0.97,60.0,8.0,7.0,Credit Card,3.0
2023-01-11,18-25,GA,Male,Middle,Email,Home,Beds,Tempur-Pedic,Contour Elite,1965.0,1700.0,2.0,1.83,3930.0,28.0,503.0,Digital Wallet,6.0
2023-01-11,18-25,CA,Male,Middle,Email,Clothing,Jeans,Wrangler,Authentics,51.0,30.0,3.0,1.93,153.0,7.0,56.0,Debit Card,3.0
2023-01-11,18-25,IL,Other,Middle,Affiliates,Clothing,Jeans,Wrangler,Authentics,46.0,30.0,2.0,1.82,91.0,10.0,22.0,Credit Card,4.0
2023-01-11,66+,IL,Other,Low,Organic,Beauty,Skincare,Neutrogena,Oil-Free Acne Wash,20.0,15.0,3.0,1.48,60.0,9.0,6.0,Digital Wallet,6.0
2023-01-11,18-25,CA,Female,High,App,Home,Furniture,IKEA,Billy Bookcase,160.0,100.0,2.0,1.63,320.0,23.0,97.0,Credit Card,6.0
2023-01-11,66+,IL,Other,Middle,App,Home,Beds,Tempur-Pedic,Cloud Supreme,2077.0,1800.0,2.0,1.66,4154.0,31.0,523.0,Credit Card,6.0
2023-01-11,36-45,TX,Other,Middle,Others,Clothing,T-Shirts,Adidas,Performance,63.0,45.0,1.0,1.45,63.0,6.0,12.0,BNPL,4.0
2023-01-11,26-35,FL,Female,Middle,Organic,Beauty,Makeup,Maybelline,Lash Sensational Mascara,16.0,10.0,4.0,1.0,63.0,8.0,15.0,Credit Card,4.0
2023-01-11,26-35,CA,Female,Low,Organic,Home,Furniture,IKEA,Billy Bookcase,191.0,100.0,2.0,1.85,382.0,23.0,159.0,Credit Card,5.0
2023-01-11,56-65,NC,Female,Low,Affiliates,Beauty,Skincare,Neutrogena,Rapid Wrinkle Repair,36.0,20.0,1.0,0.7,36.0,10.0,6.0,Credit Card,3.0
2023-01-11,46-55,TX,Male,Middle,Email,Beauty,Makeup,Revlon,ColorStay Lipstick,20.0,15.0,5.0,1.68,98.0,8.0,15.0,Credit Card,5.0
2023-01-11,46-55,CA,Other,Low,Affiliates,Electronics,Laptops,Apple Laptop,MacBook Air M2,1320.0,1000.0,2.0,1.52,2640.0,19.0,621.0,BNPL,4.0
2023-01-11,18-25,NC,Male,High,Others,Clothing,T-Shirts,Nike,Dry-FIT,23.0,20.0,4.0,1.28,91.0,14.0,-2.0,Digital Wallet,6.0
2023-01-11,26-35,CA,Other,High,Email,Home,Furniture,IKEA,Kallax Shelf,80.0,60.0,2.0,0.63,161.0,23.0,18.0,Debit Card,6.0
2023-01-11,26-35,IL,Male,Middle,App,Beauty,Makeup,Maybelline,Fit Me Foundation,18.0,15.0,4.0,1.83,71.0,9.0,1.0,Digital Wallet,5.0
2023-01-11,26-35,FL,Other,Middle,Email,Electronics,Laptops,HP,Envy,947.0,700.0,1.0,1.23,947.0,14.0,233.0,Digital Wallet,3.0
2023-01-11,18-25,TX,Female,Low,App,Electronics,Laptops,Dell,XPS,1659.0,1300.0,2.0,0.69,3319.0,21.0,698.0,Credit Card,5.0
2023-01-11,56-65,OH,Male,Low,Others,Clothing,T-Shirts,Nike,Dry-FIT,27.0,20.0,5.0,1.65,136.0,11.0,24.0,Credit Card,6.0
2023-01-11,66+,PA,Female,High,App,Clothing,Jeans,Wrangler,Regular Fit,58.0,35.0,2.0,1.35,116.0,9.0,36.0,Credit Card,4.0
2023-01-11,18-25,CA,Male,High,Organic,Beauty,Skincare,Neutrogena,Oil-Free Acne Wash,24.0,15.0,3.0,0.71,72.0,5.0,22.0,Digital Wallet,4.0
2023-01-11,18-25,CA,Female,High,Others,Beauty,Skincare,Neutrogena,Rapid Wrinkle Repair,33.0,20.0,4.0,0.66,132.0,6.0,46.0,Debit Card,5.0
2023-01-11,26-35,IL,Female,High,Others,Clothing,Jeans,Levis,Slim Fit,75.0,50.0,3.0,0.82,225.0,11.0,64.0,Digital Wallet,5.0
2023-01-11,26-35,MI,Female,High,Affiliates,Clothing,Jeans,Levis,Slim Fit,73.0,50.0,2.0,1.34,145.0,10.0,35.0,BNPL,5.0
2023-01-11,46-55,OH,Male,Low,App,Clothing,Jeans,Wrangler,Authentics,44.0,30.0,3.0,1.27,132.0,10.0,32.0,Debit Card,3.0
2023-01-11,18-25,NY,Male,Low,Affiliates,Clothing,Jeans,Wrangler,Authentics,50.0,30.0,1.0,1.54,50.0,9.0,10.0,BNPL,4.0
2023-01-11,56-65,CA,Female,High,Organic,Home,Furniture,IKEA,Kallax Shelf,88.0,60.0,2.0,1.13,176.0,23.0,33.0,Debit Card,3.0
2023-01-11,18-25,CA,Female,High,Organic,Home,Beds,Tempur-Pedic,Contour Elite,1966.0,1700.0,1.0,1.59,1966.0,15.0,251.0,BNPL,3.0
2023-01-11,36-45,OH,Female,Middle,PPC,Beauty,Skincare,Neutrogena,Rapid Wrinkle Repair,29.0,20.0,3.0,1.72,86.0,7.0,18.0,Debit Card,4.0
2023-01-11,66+,MI,Other,High,App,Electronics,Laptops,HP,Envy,901.0,700.0,1.0,1.03,901.0,15.0,185.0,Digital Wallet,3.0
2023-01-11,26-35,MI,Male,Middle,Others,Electronics,Smartphones,Samsung,Galaxy S21,826.0,500.0,1.0,1.43,826.0,12.0,314.0,Debit Card,5.0
2023-01-11,26-35,OH,Female,Middle,Others,Beauty,Makeup,Maybelline,Fit Me Foundation,17.0,15.0,5.0,1.69,84.0,8.0,0.0,Debit Card,5.0
2023-01-11,56-65,PA,Female,High,App,Home,Furniture,Ashley Furniture,Bed Frame,247.0,100.0,1.0,1.91,247.0,16.0,131.0,Credit Card,5.0
2023-01-11,56-65,CA,Female,Middle,Email,Clothing,T-Shirts,Nike,Dry-FIT,35.0,20.0,2.0,0.79,69.0,5.0,24.0,Credit Card,4.0
2023-01-11,26-35,FL,Female,Low,App,Clothing,T-Shirts,Nike,Dry-FIT,28.0,20.0,5.0,0.57,141.0,12.0,29.0,BNPL,6.0
2023-01-11,56-65,OH,Other,High,Email,Beauty,Makeup,Revlon,PhotoReady Concealer,20.0,12.0,6.0,0.57,119.0,9.0,38.0,Credit Card,6.0
2023-01-11,26-35,NY,Other,Middle,Organic,Beauty,Skincare,Neutrogena,Rapid Wrinkle Repair,31.0,20.0,2.0,1.95,62.0,9.0,12.0,Digital Wallet,5.0
2023-01-11,26-35,CA,Male,Middle,Others,Clothing,Jeans,Levis,Bootcut,146.0,100.0,1.0,1.42,146.0,4.0,42.0,Digital Wallet,2.0
2023-01-11,56-65,TX,Female,Low,Email,Clothing,Jeans,Levis,501 Original,81.0,60.0,2.0,0.81,163.0,8.0,35.0,Debit Card,3.0
2023-01-11,36-45,NY,Other,Middle,App,Home,Furniture,IKEA,Kallax Shelf,84.0,60.0,1.0,0.74,84.0,18.0,6.0,Credit Card,5.0
2023-01-11,56-65,FL,Female,High,Organic,Home,Furniture,Ashley Furniture,Bed Frame,247.0,100.0,2.0,0.76,493.0,26.0,268.0,Credit Card,7.0
2023-01-11,26-35,OH,Female,Middle,Others,Electronics,Smartphones,Apple,iPhone 14,958.0,700.0,2.0,1.13,1917.0,15.0,501.0,Credit Card,4.0
2023-01-11,56-65,PA,Other,Middle,Affiliates,Electronics,Laptops,Dell,Inspiron,912.0,600.0,1.0,1.44,912.0,14.0,298.0,Credit Card,4.0
2023-01-11,46-55,MI,Male,Low,App,Electronics,Laptops,HP,Pavilion,857.0,600.0,2.0,0.86,1713.0,23.0,490.0,Digital Wallet,6.0
2023-01-11,26-35,TX,Female,Middle,Organic,Beauty,Makeup,Revlon,ColorStay Lipstick,19.0,15.0,1.0,0.81,19.0,5.0,-1.0,Debit Card,3.0
2023-01-11,18-25,TX,Male,Middle,Affiliates,Beauty,Makeup,Maybelline,Fit Me Foundation,22.0,15.0,3.0,1.45,66.0,7.0,14.0,Debit Card,4.0
2023-01-11,66+,TX,Other,High,App,Beauty,Makeup,Maybelline,Lash Sensational Mascara,14.0,10.0,6.0,1.66,84.0,8.0,15.0,Debit Card,5.0
2023-01-11,66+,CA,Male,Low,App,Clothing,T-Shirts,Nike,Dry-FIT,31.0,20.0,1.0,1.32,31.0,4.0,7.0,Credit Card,2.0
2023-01-11,56-65,FL,Female,Low,App,Home,Furniture,Ashley Furniture,Dining Table,351.0,200.0,1.0,0.7,351.0,16.0,135.0,Debit Card,4.0
2023-01-11,66+,IL,Male,Low,Organic,Beauty,Makeup,Maybelline,Fit Me Foundation,17.0,15.0,6.0,0.76,101.0,10.0,1.0,Credit Card,6.0
2023-01-11,46-55,NY,Male,Middle,Others,Clothing,Jeans,Levis,Slim Fit,78.0,50.0,1.0,1.35,78.0,9.0,18.0,Credit Card,3.0
2023-01-11,56-65,NY,Other,Middle,Organic,Electronics,Smartphones,Samsung,Galaxy Z Fold 5,1722.0,1500.0,1.0,0.59,1722.0,13.0,209.0,Digital Wallet,4.0
2023-01-11,18-25,CA,Female,Middle,Email,Beauty,Makeup,Maybelline,Fit Me Foundation,21.0,15.0,5.0,1.36,107.0,6.0,26.0,Credit Card,6.0
2023-01-11,18-25,TX,Female,Middle,App,Beauty,Makeup,Maybelline,Fit Me Foundation,21.0,15.0,1.0,0.64,21.0,5.0,0.0,Credit Card,2.0
2023-01-11,36-45,IL,Male,Middle,Organic,Home,Furniture,IKEA,Billy Bookcase,161.0,100.0,1.0,1.63,161.0,17.0,44.0,BNPL,5.0
2023-01-11,18-25,TX,Other,High,Email,Clothing,Jeans,Levis,501 Original,84.0,60.0,2.0,1.97,168.0,8.0,40.0,Digital Wallet,4.0
2023-01-11,18-25,TX,Female,Low,PPC,Beauty,Makeup,Maybelline,Lash Sensational Mascara,15.0,10.0,5.0,1.18,74.0,8.0,16.0,BNPL,4.0
2023-01-11,56-65,IL,Female,Low,Email,Clothing,T-Shirts,Adidas,Performance,72.0,45.0,5.0,0.53,360.0,13.0,122.0,Debit Card,7.0
2023-01-11,66+,CA,Female,Middle,Organic,Home,Beds,Tempur-Pedic,Contour Elite,1963.0,1700.0,2.0,1.11,3927.0,27.0,500.0,Credit Card,4.0
2023-01-11,46-55,NY,Female,Middle,Organic,Clothing,Jeans,Levis,501 Original,78.0,60.0,3.0,1.34,233.0,12.0,41.0,Digital Wallet,4.0
2023-01-11,56-65,FL,Female,Middle,Email,Electronics,Laptops,Apple Laptop,MacBook Air M2,1354.0,1000.0,2.0,0.53,2708.0,22.0,686.0,Credit Card,5.0
2023-01-11,26-35,NY,Male,Middle,App,Clothing,Jeans,Wrangler,Authentics,52.0,30.0,1.0,0.71,52.0,9.0,12.0,Digital Wallet,2.0
2023-01-11,26-35,CA,Female,Low,App,Electronics,Smartphones,Samsung,Galaxy Z Fold 5,1787.0,1500.0,2.0,0.94,3573.0,13.0,560.0,Digital Wallet,3.0
2023-01-11,56-65,NY,Female,Middle,Organic,Beauty,Makeup,Maybelline,Fit Me Foundation,19.0,15.0,4.0,1.21,76.0,10.0,6.0,Credit Card,5.0
2023-01-11,26-35,PA,Other,Middle,Others,Beauty,Skincare,Neutrogena,Oil-Free Acne Wash,20.0,15.0,2.0,1.68,39.0,8.0,1.0,BNPL,4.0
2023-01-11,36-45,PA,Male,High,App,Beauty,Makeup,Maybelline,Fit Me Foundation,11.0,15.0,6.0,0.5,68.0,10.0,-32.0,Digital Wallet,6.0
2023-01-11,18-25,CA,Other,High,Email,Beauty,Makeup,Maybelline,Lash Sensational Mascara,17.0,10.0,1.0,0.82,17.0,3.0,3.0,Credit Card,3.0
2023-01-11,18-25,FL,Male,Middle,App,Clothing,T-Shirts,Adidas,Performance,65.0,45.0,3.0,1.01,195.0,9.0,51.0,Credit Card,4.0
2023-01-11,18-25,CA,Male,High,Others,Home,Beds,Tempur-Pedic,Contour Elite,2096.0,1700.0,9.0,1.52,18867.0,111.0,3456.0,Credit Card,10.0
2023-01-11,26-35,NC,Other,Middle,App,Clothing,T-Shirts,Adidas,Performance,76.0,45.0,1.0,0.82,76.0,10.0,21.0,BNPL,4.0
2023-01-11,36-45,MI,Female,Middle,PPC,Electronics,Laptops,Dell,Inspiron,822.0,600.0,2.0,1.66,1643.0,23.0,420.0,Credit Card,4.0
2023-01-11,26-35,NY,Other,Low,Organic,Home,Beds,Tempur-Pedic,Contour Elite,1972.0,1700.0,2.0,1.61,3945.0,32.0,513.0,Digital Wallet,7.0
2023-01-11,36-45,TX,Male,Middle,PPC,Home,Beds,Tempur-Pedic,Cloud Supreme,2084.0,1800.0,1.0,0.62,2084.0,17.0,267.0,Credit Card,8.0
2023-01-11,36-45,FL,Other,Low,Organic,Clothing,T-Shirts,Adidas,Performance,71.0,45.0,2.0,1.56,143.0,8.0,45.0,Credit Card,3.0
2023-01-11,26-35,OH,Female,Low,Email,Home,Furniture,IKEA,Kallax Shelf,82.0,60.0,2.0,0.62,165.0,25.0,19.0,Credit Card,5.0
2023-01-11,36-45,TX,Other,Low,Email,Beauty,Makeup,Revlon,ColorStay Lipstick,24.0,15.0,1.0,1.51,24.0,5.0,4.0,Credit Card,3.0
2023-01-11,26-35,PA,Female,Middle,Others,Home,Furniture,Ashley Furniture,Sofa,442.0,300.0,1.0,1.59,442.0,16.0,126.0,Credit Card,6.0
2023-01-11,18-25,CA,Male,Middle,Email,Home,Beds,Tempur-Pedic,Cloud Supreme,2062.0,1800.0,1.0,1.31,2062.0,15.0,247.0,Credit Card,3.0
2023-01-11,56-65,MI,Male,Middle,Others,Home,Furniture,IKEA,Billy Bookcase,146.0,100.0,1.0,1.23,146.0,17.0,29.0,Debit Card,6.0
2023-01-11,26-35,PA,Male,Low,Organic,Clothing,T-Shirts,Adidas,Performance,73.0,45.0,3.0,1.02,218.0,10.0,73.0,Digital Wallet,6.0
2023-01-11,18-25,FL,Female,High,Others,Clothing,Jeans,Levis,Bootcut,117.0,100.0,3.0,0.69,352.0,10.0,41.0,Digital Wallet,5.0
2023-01-11,18-25,NC,Female,High,App,Beauty,Makeup,Maybelline,Fit Me Foundation,18.0,15.0,4.0,1.23,74.0,11.0,3.0,Credit Card,5.0
2023-01-11,18-25,CA,Other,Middle,Organic,Home,Furniture,IKEA,Billy Bookcase,99.0,100.0,1.0,1.98,99.0,13.0,-14.0,Digital Wallet,4.0
2023-01-11,56-65,MI,Other,Low,Others,Home,Beds,Serta,iComfort,2408.0,1900.0,2.0,0.82,4816.0,31.0,984.0,Credit Card,5.0
2023-01-11,26-35,NY,Male,Low,App,Clothing,Jeans,Wrangler,Authentics,47.0,30.0,1.0,1.96,47.0,9.0,8.0,Digital Wallet,13.0
2023-01-11,66+,MI,Female,Low,App,Clothing,Jeans,Wrangler,Regular Fit,56.0,35.0,1.0,1.48,56.0,9.0,12.0,Credit Card,4.0
2023-01-11,36-45,NY,Female,Middle,Organic,Home,Furniture,Ashley Furniture,Bed Frame,241.0,100.0,3.0,1.44,723.0,38.0,385.0,Credit Card,6.0
2023-01-11,18-25,CA,Other,Middle,Email,Electronics,Laptops,Dell,XPS,1604.0,1300.0,2.0,1.64,3208.0,19.0,589.0,Debit Card,3.0
2023-01-11,36-45,NY,Male,Low,Affiliates,Clothing,Jeans,Wrangler,Authentics,55.0,30.0,1.0,1.42,55.0,9.0,16.0,Debit Card,4.0
2023-01-11,46-55,IL,Female,Low,Email,Electronics,Smartphones,Apple,iPhone 14,1009.0,700.0,1.0,0.51,1009.0,12.0,298.0,Digital Wallet,4.0
2023-01-11,18-25,NY,Female,Low,Email,Clothing,T-Shirts,Nike,Sportswear,39.0,25.0,10.0,1.33,386.0,20.0,116.0,Digital Wallet,10.0
2023-01-11,26-35,PA,Other,Low,App,Electronics,Smartphones,Apple,iPhone 14,959.0,700.0,3.0,1.28,2876.0,21.0,755.0,BNPL,5.0
2023-01-11,36-45,FL,Male,Low,Others,Beauty,Makeup,Revlon,PhotoReady Concealer,21.0,12.0,1.0,1.95,21.0,6.0,3.0,Digital Wallet,3.0
2023-01-11,36-45,TX,Female,Middle,Organic,Electronics,Smartphones,Samsung,Galaxy Z Fold 5,1772.0,1500.0,2.0,0.62,3543.0,15.0,528.0,Digital Wallet,5.0
2023-01-11,56-65,OH,Male,Low,Organic,Electronics,Smartphones,Apple,iPhone SE,624.0,400.0,1.0,1.18,624.0,10.0,214.0,Debit Card,4.0
2023-01-11,56-65,OH,Male,High,App,Home,Furniture,IKEA,Billy Bookcase,179.0,100.0,2.0,1.36,358.0,25.0,132.0,Digital Wallet,5.0
2023-01-11,18-25,IL,Male,Middle,Affiliates,Home,Furniture,IKEA,Billy Bookcase,159.0,100.0,2.0,1.24,318.0,27.0,91.0,Digital Wallet,6.0
2023-01-11,36-45,IL,Male,Low,Others,Electronics,Laptops,HP,Pavilion,886.0,600.0,2.0,1.38,1773.0,23.0,550.0,Debit Card,6.0
2023-01-11,36-45,FL,Other,Low,Affiliates,Electronics,Laptops,HP,Pavilion,841.0,600.0,1.0,0.68,841.0,14.0,227.0,Credit Card,4.0
2023-01-11,26-35,IL,Male,Middle,Affiliates,Electronics,Smartphones,Apple,iPhone SE,609.0,400.0,1.0,1.55,609.0,12.0,198.0,Debit Card,4.0
2023-01-11,66+,IL,Female,Low,Organic,Beauty,Makeup,Revlon,ColorStay Lipstick,18.0,15.0,1.0,0.74,18.0,7.0,-5.0,Debit Card,3.0
2023-01-11,36-45,NC,Female,Middle,App,Beauty,Makeup,Maybelline,Fit Me Foundation,14.0,15.0,1.0,0.61,14.0,9.0,-10.0,Digital Wallet,2.0
2023-01-11,18-25,CA,Male,High,Email,Home,Furniture,IKEA,Billy Bookcase,165.0,100.0,1.0,1.54,165.0,13.0,53.0,Credit Card,3.0
2023-01-11,26-35,NY,Male,Low,App,Electronics,Laptops,Apple Laptop,MacBook Air M1,1132.0,900.0,15.0,0.7,16981.0,128.0,3353.0,Credit Card,10.0
2023-01-11,26-35,OH,Female,Middle,Organic,Clothing,Jeans,Levis,Bootcut,133.0,100.0,1.0,0.8,133.0,7.0,26.0,Digital Wallet,13.0
2023-01-11,36-45,PA,Other,Low,PPC,Clothing,T-Shirts,Adidas,Performance,68.0,45.0,2.0,0.72,135.0,9.0,36.0,BNPL,4.0
2023-01-11,46-55,OH,Male,Low,Affiliates,Home,Beds,Tempur-Pedic,Contour Elite,2015.0,1700.0,2.0,1.03,4031.0,29.0,601.0,Credit Card,4.0
2023-01-11,66+,NC,Male,Low,App,Clothing,Jeans,Levis,501 Original,83.0,60.0,3.0,1.31,248.0,13.0,55.0,Digital Wallet,4.0
2023-01-11,26-35,NC,Male,Low,PPC,Electronics,Laptops,HP,Pavilion,864.0,600.0,1.0,1.38,864.0,17.0,248.0,Credit Card,4.0
2023-01-11,36-45,CA,Female,High,Email,Home,Beds,Tempur-Pedic,Cloud Supreme,2101.0,1800.0,2.0,1.94,4201.0,27.0,574.0,Credit Card,5.0
2023-01-11,66+,PA,Male,Low,App,Home,Furniture,Ashley Furniture,Dining Table,301.0,200.0,1.0,1.98,301.0,16.0,85.0,Credit Card,7.0
2023-01-11,26-35,PA,Male,Middle,App,Clothing,T-Shirts,Adidas,Essentials,43.0,35.0,4.0,2.0,172.0,11.0,21.0,Credit Card,5.0
2023-01-11,56-65,IL,Other,Low,Organic,Clothing,T-Shirts,Adidas,Performance,77.0,45.0,4.0,1.87,307.0,12.0,116.0,Digital Wallet,5.0
2023-01-11,66+,OH,Male,Low,Others,Clothing,Jeans,Wrangler,Authentics,57.0,30.0,1.0,1.68,57.0,7.0,20.0,Digital Wallet,4.0
2023-01-11,26-35,GA,Other,Middle,Others,Electronics,Laptops,Apple Laptop,MacBook Air M2,1319.0,1000.0,3.0,1.5,3956.0,28.0,928.0,BNPL,4.0
2023-01-11,26-35,NY,Male,Middle,PPC,Clothing,Jeans,Wrangler,Authentics,55.0,30.0,2.0,1.63,110.0,11.0,39.0,Credit Card,4.0
2023-01-11,26-35,MI,Female,Middle,Email,Beauty,Skincare,Neutrogena,Oil-Free Acne Wash,24.0,15.0,12.0,0.74,286.0,16.0,91.0,Debit Card,9.0
2023-01-11,36-45,CA,Female,Low,Email,Beauty,Makeup,Maybelline,Fit Me Foundation,17.0,15.0,2.0,1.78,34.0,4.0,-0.0,Digital Wallet,3.0
2023-01-11,18-25,TX,Male,Low,Organic,Clothing,Jeans,Wrangler,Authentics,53.0,30.0,3.0,1.36,158.0,9.0,59.0,Digital Wallet,4.0
2023-01-11,36-45,NY,Female,Low,Organic,Beauty,Skincare,Neutrogena,Oil-Free Acne Wash,19.0,15.0,4.0,0.6,78.0,11.0,7.0,Credit Card,6.0
2023-01-11,46-55,TX,Male,Middle,App,Beauty,Skincare,Neutrogena,Rapid Wrinkle Repair,31.0,20.0,3.0,1.14,92.0,7.0,25.0,Debit Card,5.0
2023-01-11,36-45,FL,Female,Middle,Affiliates,Beauty,Skincare,Neutrogena,Hydro Boost Gel,29.0,20.0,1.0,1.66,29.0,7.0,2.0,Digital Wallet,8.0
2023-01-11,36-45,FL,Male,Low,PPC,Home,Furniture,IKEA,Billy Bookcase,127.0,100.0,2.0,1.41,255.0,26.0,29.0,Digital Wallet,5.0
2023-01-11,18-25,NC,Other,High,Email,Electronics,Laptops,Apple Laptop,MacBook Pro M2,1514.0,1200.0,2.0,0.55,3028.0,25.0,603.0,Credit Card,5.0
2023-01-11,18-25,OH,Male,Middle,Affiliates,Clothing,Jeans,Levis,Slim Fit,72.0,50.0,3.0,0.74,215.0,10.0,55.0,Credit Card,4.0
2023-01-11,18-25,CA,Other,Middle,Others,Beauty,Makeup,Maybelline,Lash Sensational Mascara,14.0,10.0,1.0,1.75,14.0,3.0,1.0,Debit Card,3.0
2023-01-11,46-55,IL,Female,Low,PPC,Clothing,Jeans,Levis,Slim Fit,78.0,50.0,2.0,0.59,156.0,10.0,46.0,Debit Card,4.0
2023-01-11,56-65,TX,Male,Middle,Organic,Clothing,T-Shirts,Nike,Dry-FIT,24.0,20.0,2.0,1.35,48.0,7.0,1.0,Credit Card,3.0
2023-01-11,36-45,CA,Female,Middle,Others,Beauty,Skincare,Neutrogena,Rapid Wrinkle Repair,24.0,20.0,2.0,1.76,48.0,4.0,4.0,Digital Wallet,4.0
2023-01-11,26-35,CA,Other,Middle,Email,Electronics,Laptops,HP,Envy,1020.0,700.0,2.0,0.9,2040.0,19.0,621.0,Digital Wallet,3.0
2023-01-11,46-55,PA,Female,Low,Organic,Home,Furniture,IKEA,Kallax Shelf,71.0,60.0,1.0,1.43,71.0,16.0,-5.0,Credit Card,5.0
2023-01-11,46-55,FL,Male,Low,Organic,Beauty,Makeup,Maybelline,Lash Sensational Mascara,13.0,10.0,3.0,1.39,40.0,8.0,3.0,Digital Wallet,2.0
2023-01-11,46-55,GA,Female,High,Affiliates,Electronics,Laptops,Dell,XPS,1571.0,1300.0,2.0,1.71,3142.0,20.0,522.0,Debit Card,4.0
2023-01-11,36-45,FL,Female,Low,Email,Home,Beds,Serta,iComfort,2329.0,1900.0,1.0,0.91,2329.0,18.0,412.0,Digital Wallet,4.0
2023-01-11,18-25,CA,Female,Middle,Organic,Electronics,Smartphones,Apple,iPhone 15,1133.0,800.0,1.0,0.64,1133.0,8.0,325.0,Credit Card,6.0
2023-01-11,18-25,CA,Male,High,App,Clothing,Jeans,Wrangler,Regular Fit,60.0,35.0,3.0,1.03,181.0,7.0,69.0,Credit Card,3.0
2023-01-11,56-65,CA,Male,Low,Organic,Home,Furniture,Ashley Furniture,Dining Table,389.0,200.0,1.0,1.97,389.0,13.0,176.0,Credit Card,3.0
2023-01-11,36-45,NC,Male,High,Organic,Clothing,Jeans,Levis,501 Original,79.0,60.0,2.0,0.94,158.0,12.0,26.0,Digital Wallet,5.0
2023-01-11,36-45,FL,Male,Middle,App,Clothing,Jeans,Levis,501 Original,91.0,60.0,3.0,1.11,272.0,10.0,82.0,Credit Card,3.0
2023-01-11,18-25,TX,Female,High,Organic,Electronics,Smartphones,Apple,iPhone 14,955.0,700.0,3.0,1.55,2865.0,20.0,745.0,Debit Card,5.0
2023-01-11,46-55,GA,Female,Low,Affiliates,Home,Beds,Serta,Perfect Sleeper,954.0,750.0,1.0,0.9,954.0,16.0,188.0,Credit Card,4.0
2023-01-11,56-65,PA,Male,High,Email,Home,Furniture,IKEA,Kallax Shelf,78.0,60.0,2.0,1.44,156.0,26.0,10.0,Debit Card,7.0
2023-01-11,36-45,CA,Male,Middle,Affiliates,Home,Furniture,IKEA,Billy Bookcase,166.0,100.0,1.0,1.57,166.0,13.0,53.0,Digital Wallet,5.0
2023-01-11,36-45,NC,Other,Low,Others,Beauty,Makeup,Maybelline,Lash Sensational Mascara,14.0,10.0,5.0,1.72,70.0,12.0,8.0,Debit Card,8.0
2023-01-11,26-35,CA,Female,Low,Others,Clothing,Jeans,Levis,Slim Fit,71.0,50.0,3.0,1.14,212.0,7.0,55.0,Debit Card,4.0
2023-01-11,36-45,NY,Male,Middle,Email,Home,Beds,Tempur-Pedic,Contour Elite,1818.0,1700.0,1.0,1.51,1818.0,20.0,98.0,Digital Wallet,6.0
2023-01-11,18-25,CA,Other,High,PPC,Beauty,Skincare,Neutrogena,Hydro Boost Gel,21.0,20.0,1.0,1.72,21.0,4.0,-2.0,Debit Card,4.0
2023-01-11,26-35,OH,Female,Middle,PPC,Home,Furniture,Ashley Furniture,Dining Table,341.0,200.0,2.0,1.69,683.0,25.0,258.0,Credit Card,4.0
2023-01-11,18-25,TX,Male,Middle,Organic,Clothing,Jeans,Wrangler,Regular Fit,67.0,35.0,1.0,1.12,67.0,6.0,25.0,Digital Wallet,9.0
2023-01-11,36-45,CA,Female,Low,Email,Clothing,Jeans,Wrangler,Authentics,47.0,30.0,3.0,0.6,142.0,7.0,45.0,Credit Card,3.0
2023-01-11,56-65,FL,Male,Middle,PPC,Clothing,Jeans,Levis,501 Original,85.0,60.0,1.0,1.41,85.0,7.0,18.0,BNPL,2.0
2023-01-11,66+,NC,Female,Low,Organic,Home,Furniture,IKEA,Billy Bookcase,175.0,100.0,1.0,0.83,175.0,19.0,56.0,Digital Wallet,4.0
2023-01-11,66+,FL,Other,Middle,App,Home,Beds,Serta,Perfect Sleeper,958.0,750.0,8.0,1.62,7665.0,102.0,1563.0,BNPL,8.0
2023-01-11,36-45,TX,Female,Low,Organic,Clothing,Jeans,Wrangler,Regular Fit,69.0,35.0,2.0,1.21,138.0,8.0,61.0,Digital Wallet,3.0
2023-01-11,46-55,NC,Male,Middle,Email,Electronics,Smartphones,Samsung,Galaxy Z Fold 5,1783.0,1500.0,2.0,0.74,3565.0,19.0,546.0,Digital Wallet,11.0
2023-01-11,66+,IL,Other,Low,App,Clothing,Jeans,Wrangler,Authentics,50.0,30.0,6.0,1.17,298.0,16.0,103.0,Digital Wallet,6.0
2023-01-11,66+,FL,Female,Low,Affiliates,Home,Beds,Tempur-Pedic,Contour Elite,1848.0,1700.0,1.0,0.83,1848.0,18.0,130.0,Digital Wallet,5.0
2023-01-11,18-25,CA,Female,High,Others,Clothing,T-Shirts,Nike,Dry-FIT,34.0,20.0,3.0,1.59,103.0,6.0,37.0,Debit Card,3.0
2023-01-11,26-35,MI,Male,Middle,App,Beauty,Makeup,Maybelline,Lash Sensational Mascara,16.0,10.0,2.0,1.51,33.0,8.0,4.0,Digital Wallet,6.0
2023-01-11,46-55,CA,Female,Middle,Email,Electronics,Smartphones,Apple,iPhone SE,612.0,400.0,3.0,1.44,1836.0,18.0,618.0,Debit Card,5.0
2023-01-11,46-55,IL,Male,Low,App,Clothing,Jeans,Levis,Bootcut,118.0,100.0,1.0,0.61,118.0,8.0,9.0,Digital Wallet,5.0
2023-01-11,36-45,CA,Female,Low,Organic,Home,Furniture,IKEA,Billy Bookcase,198.0,100.0,1.0,1.68,198.0,13.0,85.0,Credit Card,3.0
2023-01-11,66+,NY,Female,Middle,Others,Clothing,T-Shirts,Adidas,Essentials,32.0,35.0,3.0,1.81,96.0,11.0,-20.0,BNPL,4.0
2023-01-11,18-25,NY,Other,Low,Others,Clothing,Jeans,Wrangler,Regular Fit,51.0,35.0,3.0,0.55,152.0,12.0,35.0,Debit Card,6.0
2023-01-11,36-45,MI,Female,High,Email,Electronics,Smartphones,Samsung,Galaxy S21,674.0,500.0,2.0,0.55,1348.0,17.0,331.0,Debit Card,5.0
2023-01-11,26-35,NC,Other,High,Others,Beauty,Makeup,Maybelline,Fit Me Foundation,22.0,15.0,5.0,0.78,109.0,12.0,22.0,BNPL,5.0
2023-01-11,26-35,IL,Female,Low,App,Home,Beds,Tempur-Pedic,Contour Elite,1943.0,1700.0,2.0,1.82,3886.0,31.0,455.0,Digital Wallet,7.0
2023-01-11,46-55,CA,Male,High,Others,Beauty,Makeup,Revlon,ColorStay Lipstick,19.0,15.0,3.0,1.19,58.0,5.0,8.0,BNPL,3.0
2023-01-11,36-45,NC,Other,Low,App,Clothing,T-Shirts,Adidas,Performance,67.0,45.0,4.0,0.64,269.0,14.0,75.0,Debit Card,6.0
2023-01-11,18-25,TX,Male,Middle,PPC,Electronics,Smartphones,Apple,iPhone 14,1014.0,700.0,2.0,1.71,2028.0,15.0,613.0,BNPL,4.0
2023-01-11,46-55,NY,Female,Low,App,Home,Furniture,IKEA,Billy Bookcase,172.0,100.0,1.0,0.62,172.0,18.0,54.0,Credit Card,5.0
2023-01-11,36-45,CA,Male,Middle,Organic,Beauty,Makeup,Maybelline,Fit Me Foundation,24.0,15.0,4.0,1.01,94.0,5.0,29.0,Credit Card,4.0
2023-01-11,18-25,NY,Female,Middle,Others,Beauty,Makeup,Maybelline,Fit Me Foundation,27.0,15.0,1.0,0.84,27.0,8.0,3.0,Digital Wallet,3.0
2023-01-11,56-65,NY,Female,Low,Affiliates,Beauty,Skincare,Neutrogena,Hydro Boost Gel,24.0,20.0,2.0,1.71,49.0,9.0,-0.0,Digital Wallet,4.0
2023-01-11,46-55,TX,Male,Middle,Affiliates,Electronics,Smartphones,Samsung,Galaxy Z Fold 5,1784.0,1500.0,9.0,1.69,16059.0,50.0,2509.0,Digital Wallet,7.0
2023-01-11,46-55,IL,Male,Middle,PPC,Clothing,Jeans,Wrangler,Regular Fit,69.0,35.0,1.0,0.5,69.0,8.0,26.0,Credit Card,2.0
2023-01-11,18-25,CA,Male,Low,Affiliates,Beauty,Makeup,Maybelline,Lash Sensational Mascara,15.0,10.0,2.0,1.13,30.0,4.0,6.0,Credit Card,3.0
2023-01-11,18-25,OH,Female,Middle,Organic,Beauty,Makeup,Maybelline,Lash Sensational Mascara,12.0,10.0,4.0,1.33,49.0,8.0,1.0,BNPL,4.0
2023-01-11,36-45,TX,Male,Middle,Email,Home,Beds,Tempur-Pedic,Contour Elite,2070.0,1700.0,1.0,1.03,2070.0,17.0,353.0,Debit Card,4.0
2023-01-11,56-65,PA,Male,Middle,Affiliates,Electronics,Laptops,Apple Laptop,MacBook Air M1,1093.0,900.0,2.0,0.79,2186.0,22.0,363.0,Digital Wallet,5.0
2023-01-11,46-55,PA,Male,Middle,Others,Beauty,Makeup,Maybelline,Lash Sensational Mascara,16.0,10.0,3.0,1.47,48.0,8.0,10.0,Debit Card,5.0
2023-01-11,66+,OH,Male,Low,Others,Clothing,T-Shirts,Adidas,Essentials,54.0,35.0,3.0,1.97,161.0,9.0,47.0,Credit Card,6.0
2023-01-11,18-25,NY,Female,Middle,Email,Clothing,T-Shirts,Adidas,Essentials,41.0,35.0,4.0,1.6,163.0,13.0,11.0,Credit Card,5.0
2023-01-11,26-35,IL,Other,High,Organic,Clothing,Jeans,Levis,501 Original,89.0,60.0,1.0,1.18,89.0,8.0,21.0,Debit Card,5.0
2023-01-11,36-45,OH,Female,Middle,Others,Electronics,Laptops,Apple Laptop,MacBook Air M2,1270.0,1000.0,2.0,0.64,2539.0,21.0,518.0,Debit Card,5.0
2023-01-11,26-35,GA,Male,Low,App,Electronics,Smartphones,Apple,iPhone 14,960.0,700.0,3.0,1.5,2879.0,19.0,760.0,Debit Card,4.0
2023-01-11,26-35,FL,Other,Low,Others,Electronics,Laptops,Apple Laptop,MacBook Pro M3,1769.0,1500.0,1.0,1.33,1769.0,14.0,255.0,Credit Card,4.0
2023-01-11,18-25,MI,Other,Middle,Others,Clothing,Jeans,Wrangler,Regular Fit,61.0,35.0,3.0,1.22,182.0,12.0,65.0,BNPL,6.0
2023-01-11,18-25,FL,Female,Low,Others,Clothing,Jeans,Wrangler,Authentics,48.0,30.0,1.0,1.86,48.0,7.0,11.0,Digital Wallet,4.0
2023-01-11,18-25,NY,Other,Middle,Others,Clothing,T-Shirts,Nike,Dry-FIT,28.0,20.0,5.0,0.8,140.0,14.0,26.0,Credit Card,6.0
2023-01-11,26-35,TX,Male,Middle,Affiliates,Clothing,T-Shirts,Nike,Pro,54.0,30.0,2.0,1.69,107.0,7.0,40.0,Digital Wallet,4.0
2023-01-11,46-55,GA,Other,High,Affiliates,Home,Beds,Tempur-Pedic,Contour Elite,2036.0,1700.0,2.0,1.71,4071.0,28.0,644.0,Credit Card,4.0
2023-01-11,26-35,PA,Female,Low,Email,Beauty,Makeup,Maybelline,Fit Me Foundation,19.0,15.0,1.0,1.87,19.0,7.0,-3.0,Digital Wallet,3.0
2023-01-11,36-45,TX,Other,Middle,Organic,Clothing,Jeans,Wrangler,Regular Fit,64.0,35.0,3.0,0.8,192.0,9.0,78.0,Credit Card,4.0
2023-01-11,18-25,MI,Male,Low,Others,Electronics,Laptops,HP,Pavilion,794.0,600.0,2.0,1.52,1589.0,23.0,365.0,Digital Wallet,5.0
2023-01-11,66+,PA,Male,Middle,Organic,Clothing,Jeans,Levis,501 Original,85.0,60.0,2.0,1.99,169.0,9.0,40.0,Digital Wallet,5.0
2023-01-11,26-35,TX,Female,Middle,Organic,Home,Furniture,Ashley Furniture,Sofa,422.0,300.0,2.0,1.28,844.0,25.0,219.0,Credit Card,5.0
2023-01-11,18-25,PA,Other,Middle,Others,Clothing,Jeans,Levis,Bootcut,117.0,100.0,2.0,0.56,234.0,9.0,25.0,Debit Card,4.0
2023-01-11,26-35,OH,Female,Middle,App,Electronics,Laptops,Apple Laptop,MacBook Air M2,1273.0,1000.0,2.0,0.82,2546.0,21.0,525.0,Debit Card,4.0
2023-01-11,26-35,OH,Other,Low,Affiliates,Electronics,Smartphones,Apple,iPhone SE,578.0,400.0,1.0,0.6,578.0,10.0,167.0,Credit Card,4.0
2023-01-11,26-35,IL,Male,Middle,Email,Clothing,T-Shirts,Adidas,Performance,78.0,45.0,3.0,1.51,233.0,10.0,88.0,BNPL,4.0
2023-01-11,26-35,IL,Female,Middle,Others,Electronics,Smartphones,Apple,iPhone 15,1063.0,800.0,3.0,1.97,3190.0,22.0,768.0,Debit Card,5.0
2023-01-11,18-25,NY,Female,Low,PPC,Home,Furniture,Ashley Furniture,Sofa,438.0,300.0,11.0,0.64,4817.0,118.0,1399.0,Digital Wallet,10.0
2023-01-11,56-65,NY,Male,Low,App,Home,Beds,Tempur-Pedic,Contour Elite,2011.0,1700.0,2.0,1.06,4023.0,32.0,591.0,Digital Wallet,6.0
2023-01-11,18-25,CA,Male,High,Organic,Electronics,Laptops,Apple Laptop,MacBook Air M2,1322.0,1000.0,2.0,1.76,2644.0,19.0,625.0,Credit Card,5.0
2023-01-11,46-55,NY,Female,Low,Organic,Home,Furniture,IKEA,Billy Bookcase,160.0,100.0,2.0,1.57,320.0,28.0,92.0,Debit Card,5.0
2023-01-11,18-25,FL,Male,Middle,App,Beauty,Makeup,Revlon,PhotoReady Concealer,19.0,12.0,2.0,0.96,39.0,7.0,8.0,Credit Card,5.0
2023-01-11,46-55,CA,Other,Middle,App,Beauty,Makeup,Maybelline,Lash Sensational Mascara,15.0,10.0,1.0,1.25,15.0,3.0,2.0,Debit Card,2.0
2023-01-11,18-25,OH,Other,High,Others,Home,Furniture,IKEA,Billy Bookcase,140.0,100.0,2.0,1.64,280.0,25.0,55.0,Debit Card,4.0
2023-01-11,26-35,PA,Female,High,PPC,Electronics,Smartphones,Apple,iPhone 15,1091.0,800.0,1.0,1.64,1091.0,11.0,279.0,Debit Card,4.0
2023-01-11,26-35,TX,Other,High,Email,Clothing,Jeans,Wrangler,Regular Fit,59.0,35.0,3.0,1.7,176.0,9.0,62.0,Digital Wallet,4.0
2023-01-11,36-45,NY,Female,Middle,Email,Clothing,Jeans,Levis,501 Original,92.0,60.0,1.0,0.98,92.0,9.0,23.0,Debit Card,4.0
2023-01-11,36-45,OH,Female,High,App,Clothing,T-Shirts,Nike,Dry-FIT,37.0,20.0,5.0,1.49,184.0,11.0,73.0,BNPL,5.0
2023-01-11,26-35,NY,Other,Low,Organic,Beauty,Makeup,Maybelline,Fit Me Foundation,24.0,15.0,1.0,1.57,24.0,8.0,0.0,Credit Card,5.0
2023-01-11,36-45,NY,Male,Low,Organic,Electronics,Laptops,Dell,Inspiron,842.0,600.0,2.0,1.77,1684.0,24.0,460.0,Debit Card,5.0
2023-01-11,56-65,FL,Other,Middle,PPC,Beauty,Skincare,Neutrogena,Oil-Free Acne Wash,23.0,15.0,1.0,0.86,23.0,7.0,1.0,Digital Wallet,3.0
2023-01-11,36-45,PA,Female,High,Organic,Home,Furniture,IKEA,Kallax Shelf,66.0,60.0,2.0,0.87,133.0,26.0,-14.0,Digital Wallet,5.0
2023-01-11,26-35,MI,Other,Middle,Email,Beauty,Makeup,Revlon,PhotoReady Concealer,18.0,12.0,1.0,1.83,18.0,8.0,-2.0,Debit Card,4.0
2023-01-11,56-65,TX,Other,Middle,Email,Electronics,Smartphones,Apple,iPhone 15,1070.0,800.0,3.0,1.09,3210.0,20.0,790.0,Digital Wallet,5.0
2023-01-11,36-45,NY,Male,Low,Affiliates,Clothing,T-Shirts,Nike,Sportswear,36.0,25.0,5.0,0.98,181.0,14.0,42.0,Debit Card,6.0
2023-01-11,36-45,NC,Female,Middle,Organic,Beauty,Makeup,Revlon,ColorStay Lipstick,21.0,15.0,4.0,1.44,84.0,11.0,13.0,Digital Wallet,5.0
2023-01-11,36-45,FL,Male,High,Others,Clothing,Jeans,Levis,501 Original,80.0,60.0,1.0,1.82,80.0,7.0,12.0,Credit Card,3.0
2023-01-11,36-45,TX,Male,High,Affiliates,Beauty,Makeup,Maybelline,Lash Sensational Mascara,20.0,10.0,5.0,1.31,99.0,8.0,41.0,Credit Card,4.0
2023-01-11,46-55,IL,Female,Low,Others,Beauty,Makeup,Maybelline,Fit Me Foundation,17.0,15.0,1.0,1.07,17.0,7.0,-5.0,BNPL,4.0
2023-01-11,66+,IL,Male,Middle,PPC,Beauty,Skincare,Neutrogena,Oil-Free Acne Wash,23.0,15.0,2.0,1.43,47.0,8.0,8.0,Debit Card,6.0
2023-01-11,56-65,FL,Female,Middle,Organic,Electronics,Smartphones,Samsung,Galaxy S21,788.0,500.0,3.0,1.19,2363.0,21.0,843.0,Debit Card,6.0
2023-01-11,18-25,MI,Male,Low,Organic,Electronics,Smartphones,Apple,iPhone 14,1044.0,700.0,3.0,1.2,3131.0,22.0,1009.0,Digital Wallet,4.0
2023-01-11,56-65,FL,Female,Low,Email,Electronics,Smartphones,Apple,iPhone 14,1017.0,700.0,3.0,1.67,3050.0,21.0,929.0,Digital Wallet,6.0
2023-01-11,56-65,GA,Male,High,Others,Beauty,Makeup,Maybelline,Fit Me Foundation,22.0,15.0,1.0,1.93,22.0,4.0,2.0,Credit Card,3.0
2023-01-11,26-35,TX,Female,High,Organic,Clothing,Jeans,Levis,Bootcut,127.0,100.0,2.0,1.92,255.0,8.0,47.0,Digital Wallet,4.0
2023-01-11,56-65,IL,Female,Middle,Others,Beauty,Makeup,Maybelline,Lash Sensational Mascara,15.0,10.0,6.0,0.58,92.0,10.0,22.0,BNPL,7.0
2023-01-11,56-65,GA,Male,Low,PPC,Beauty,Skincare,Neutrogena,Oil-Free Acne Wash,19.0,15.0,3.0,0.93,57.0,6.0,6.0,Digital Wallet,4.0
2023-01-11,26-35,PA,Male,Middle,Email,Electronics,Smartphones,Samsung,Galaxy S21,682.0,500.0,2.0,0.57,1364.0,16.0,348.0,Credit Card,5.0
2023-01-11,36-45,TX,Male,Middle,App,Electronics,Smartphones,Apple,iPhone SE,591.0,400.0,1.0,1.07,591.0,10.0,181.0,Credit Card,4.0
2023-01-11,26-35,FL,Male,High,Affiliates,Beauty,Makeup,Maybelline,Fit Me Foundation,16.0,15.0,1.0,1.03,16.0,6.0,-5.0,Digital Wallet,4.0
2023-01-11,26-35,CA,Male,Middle,Organic,Clothing,T-Shirts,Adidas,Performance,62.0,45.0,3.0,1.55,185.0,6.0,43.0,Debit Card,5.0
2023-01-11,56-65,NC,Female,High,Others,Beauty,Makeup,Maybelline,Fit Me Foundation,22.0,15.0,6.0,1.2,131.0,12.0,28.0,Debit Card,7.0
2023-01-11,18-25,CA,Female,Middle,Affiliates,Clothing,Jeans,Wrangler,Authentics,51.0,30.0,2.0,0.71,103.0,6.0,37.0,Digital Wallet,3.0
2023-01-11,46-55,CA,Female,High,Organic,Electronics,Smartphones,Samsung,Galaxy S21,717.0,500.0,2.0,0.54,1433.0,13.0,420.0,Debit Card,3.0
2023-01-11,26-35,CA,Male,High,Organic,Clothing,Jeans,Wrangler,Authentics,56.0,30.0,3.0,1.85,168.0,7.0,71.0,Debit Card,6.0
2023-01-11,46-55,OH,Male,Middle,Email,Beauty,Makeup,Maybelline,Lash Sensational Mascara,18.0,10.0,2.0,0.78,35.0,7.0,9.0,Debit Card,4.0
2023-01-11,26-35,TX,Other,Low,Organic,Beauty,Makeup,Maybelline,Lash Sensational Mascara,13.0,10.0,6.0,0.79,78.0,8.0,10.0,Digital Wallet,6.0
2023-01-11,26-35,NC,Male,Middle,Email,Electronics,Smartphones,Samsung,Galaxy S21,731.0,500.0,3.0,1.21,2192.0,24.0,668.0,Digital Wallet,6.0
2023-01-11,56-65,TX,Male,Middle,PPC,Home,Furniture,Ashley Furniture,Dining Table,337.0,200.0,1.0,0.66,337.0,15.0,122.0,Digital Wallet,5.0
2023-01-11,26-35,TX,Other,High,App,Clothing,T-Shirts,Nike,Dry-FIT,26.0,20.0,1.0,0.79,26.0,6.0,-0.0,BNPL,3.0
2023-01-11,46-55,GA,Male,Middle,Email,Home,Beds,Tempur-Pedic,Cloud Supreme,2024.0,1800.0,1.0,1.75,2024.0,16.0,208.0,Debit Card,4.0
2023-01-11,56-65,NY,Female,Middle,App,Beauty,Makeup,Maybelline,Lash Sensational Mascara,16.0,10.0,1.0,0.86,16.0,8.0,-3.0,Credit Card,3.0
2023-01-11,18-25,TX,Male,Low,Others,Clothing,Jeans,Levis,Bootcut,125.0,100.0,2.0,0.8,249.0,8.0,41.0,Debit Card,5.0
2023-01-11,36-45,TX,Male,Middle,Others,Clothing,T-Shirts,Adidas,Performance,76.0,45.0,1.0,0.88,76.0,6.0,25.0,Debit Card,4.0
2023-01-11,18-25,TX,Female,Low,Organic,Home,Furniture,IKEA,Billy Bookcase,133.0,100.0,2.0,1.01,266.0,25.0,41.0,Digital Wallet,5.0
2023-01-11,46-55,NY,Other,High,Organic,Beauty,Skincare,Neutrogena,Rapid Wrinkle Repair,31.0,20.0,4.0,1.62,125.0,11.0,35.0,Credit Card,5.0
2023-01-11,66+,CA,Male,Middle,PPC,Electronics,Laptops,HP,Pavilion,888.0,600.0,6.0,1.1,5327.0,51.0,1677.0,Digital Wallet,5.0
2023-01-11,26-35,IL,Female,Middle,App,Electronics,Smartphones,Apple,iPhone 14,1004.0,700.0,2.0,1.61,2007.0,17.0,591.0,Debit Card,5.0
2023-01-11,46-55,NC,Female,High,Organic,Clothing,T-Shirts,Adidas,Performance,61.0,45.0,4.0,0.5,245.0,14.0,52.0,Debit Card,6.0
2023-01-11,66+,NY,Male,Middle,App,Clothing,Jeans,Levis,Slim Fit,62.0,50.0,2.0,1.6,124.0,11.0,13.0,Credit Card,6.0
2023-01-11,26-35,NY,Male,Low,Organic,Clothing,Jeans,Wrangler,Authentics,48.0,30.0,3.0,1.03,144.0,12.0,42.0,Digital Wallet,4.0
2023-01-11,26-35,CA,Other,Middle,PPC,Beauty,Makeup,Maybelline,Lash Sensational Mascara,14.0,10.0,3.0,1.31,43.0,5.0,8.0,Digital Wallet,3.0
2023-01-11,46-55,TX,Female,Low,App,Beauty,Makeup,Maybelline,Fit Me Foundation,25.0,15.0,3.0,1.19,74.0,7.0,22.0,Credit Card,3.0
2023-01-11,26-35,PA,Other,High,Organic,Beauty,Skincare,Neutrogena,Hydro Boost Gel,24.0,20.0,1.0,0.75,24.0,7.0,-3.0,Credit Card,3.0
2023-01-11,36-45,CA,Other,Middle,PPC,Home,Furniture,IKEA,Kallax Shelf,72.0,60.0,2.0,1.74,144.0,23.0,1.0,Debit Card,4.0
2023-01-11,66+,FL,Female,Middle,Others,Clothing,T-Shirts,Adidas,Performance,63.0,45.0,2.0,0.6,126.0,8.0,28.0,Digital Wallet,4.0
2023-01-11,36-45,CA,Male,Low,Email,Home,Furniture,Ashley Furniture,Dining Table,333.0,200.0,2.0,0.93,665.0,23.0,242.0,Credit Card,4.0
2023-01-11,56-65,TX,Male,High,Email,Electronics,Smartphones,Samsung,Galaxy S21,775.0,500.0,3.0,1.86,2324.0,20.0,804.0,BNPL,6.0
2023-01-11,56-65,NC,Male,High,Email,Electronics,Laptops,HP,Pavilion,784.0,600.0,2.0,0.68,1568.0,25.0,343.0,Credit Card,7.0
2023-01-11,26-35,NY,Female,High,App,Clothing,Jeans,Wrangler,Authentics,42.0,30.0,2.0,1.4,84.0,11.0,13.0,Digital Wallet,5.0
2023-01-11,46-55,CA,Male,High,Email,Electronics,Laptops,Apple Laptop,MacBook Pro M2,1329.0,1200.0,2.0,1.66,2658.0,19.0,239.0,Digital Wallet,3.0
2023-01-11,56-65,TX,Female,Middle,Affiliates,Clothing,T-Shirts,Adidas,Performance,64.0,45.0,1.0,0.83,64.0,6.0,13.0,Debit Card,3.0
2023-01-11,56-65,FL,Male,High,Others,Clothing,Jeans,Wrangler,Authentics,49.0,30.0,1.0,1.07,49.0,7.0,12.0,Credit Card,4.0
2023-01-11,56-65,CA,Other,High,Organic,Clothing,T-Shirts,Nike,Pro,45.0,30.0,3.0,1.3,134.0,6.0,38.0,Debit Card,4.0
2023-01-11,36-45,MI,Female,Middle,PPC,Home,Beds,Serta,Perfect Sleeper,951.0,750.0,1.0,1.14,951.0,19.0,182.0,Credit Card,6.0
2023-01-11,66+,NY,Female,Middle,App,Electronics,Laptops,HP,Envy,973.0,700.0,1.0,1.86,973.0,16.0,257.0,Credit Card,4.0
2023-01-11,26-35,NY,Male,Middle,Others,Beauty,Skincare,Neutrogena,Rapid Wrinkle Repair,34.0,20.0,2.0,0.79,69.0,9.0,19.0,Debit Card,4.0
2023-01-11,18-25,MI,Female,Low,Email,Clothing,T-Shirts,Nike,Sportswear,41.0,25.0,2.0,0.86,81.0,10.0,22.0,Debit Card,4.0
2023-01-11,26-35,NC,Female,Middle,Organic,Electronics,Smartphones,Apple,iPhone SE,606.0,400.0,2.0,0.56,1211.0,19.0,392.0,Credit Card,4.0
2023-01-11,18-25,PA,Female,Low,Affiliates,Beauty,Makeup,Maybelline,Fit Me Foundation,17.0,15.0,2.0,1.54,33.0,8.0,-4.0,Digital Wallet,3.0
2023-01-11,46-55,IL,Female,Low,PPC,Clothing,T-Shirts,Nike,Sportswear,38.0,25.0,1.0,1.29,38.0,8.0,5.0,Debit Card,5.0
2023-01-11,56-65,TX,Female,Low,Organic,Home,Furniture,IKEA,Billy Bookcase,162.0,100.0,2.0,1.46,325.0,25.0,100.0,Debit Card,17.0
2023-01-11,46-55,GA,Other,Low,Affiliates,Electronics,Smartphones,Apple,iPhone SE,608.0,400.0,1.0,0.52,608.0,9.0,199.0,Debit Card,4.0
2023-01-11,46-55,IL,Female,Middle,App,Clothing,Jeans,Wrangler,Authentics,56.0,30.0,3.0,1.12,168.0,11.0,67.0,Debit Card,5.0
2023-01-11,36-45,IL,Other,Middle,PPC,Electronics,Smartphones,Samsung,Galaxy A32,322.0,250.0,1.0,0.71,322.0,12.0,61.0,Debit Card,6.0
2023-01-11,46-55,GA,Male,Low,Others,Clothing,T-Shirts,Nike,Pro,51.0,30.0,1.0,1.14,51.0,5.0,16.0,Debit Card,5.0
2023-01-11,36-45,TX,Female,Middle,PPC,Clothing,Jeans,Levis,Slim Fit,74.0,50.0,1.0,1.49,74.0,6.0,18.0,Credit Card,3.0
2023-01-11,36-45,CA,Female,Middle,Email,Home,Beds,Tempur-Pedic,Contour Elite,1993.0,1700.0,2.0,1.38,3987.0,27.0,560.0,Credit Card,5.0
2023-01-11,36-45,CA,Female,Middle,Email,Electronics,Smartphones,Apple,iPhone SE,598.0,400.0,1.0,0.77,598.0,8.0,190.0,Credit Card,2.0
2023-01-11,26-35,CA,Female,Low,Organic,Beauty,Makeup,Maybelline,Fit Me Foundation,17.0,15.0,1.0,1.78,17.0,3.0,-2.0,Digital Wallet,2.0
2023-01-11,56-65,GA,Male,Middle,PPC,Clothing,T-Shirts,Adidas,Performance,61.0,45.0,5.0,0.8,306.0,10.0,71.0,BNPL,6.0
2023-01-11,56-65,GA,Male,Low,PPC,Beauty,Makeup,Maybelline,Lash Sensational Mascara,14.0,10.0,5.0,1.85,70.0,7.0,13.0,BNPL,6.0
2023-01-11,26-35,PA,Other,Middle,Others,Clothing,Jeans,Levis,Bootcut,105.0,100.0,2.0,1.86,210.0,9.0,0.0,Digital Wallet,4.0
2023-01-11,26-35,IL,Male,Middle,Affiliates,Electronics,Smartphones,Apple,iPhone SE,615.0,400.0,3.0,1.64,1845.0,22.0,623.0,Credit Card,6.0
2023-01-11,26-35,PA,Female,Middle,Organic,Home,Furniture,Ashley Furniture,Bed Frame,229.0,100.0,2.0,1.3,458.0,26.0,232.0,Digital Wallet,4.0
2023-01-11,26-35,MI,Female,Low,Organic,Home,Beds,Serta,iComfort,2364.0,1900.0,1.0,1.48,2364.0,19.0,445.0,Digital Wallet,5.0
2023-01-11,56-65,MI,Female,High,Others,Home,Beds,Serta,iComfort,2360.0,1900.0,1.0,1.3,2360.0,19.0,440.0,Debit Card,6.0
2023-01-11,56-65,PA,Female,Middle,App,Electronics,Smartphones,Apple,iPhone 15,1102.0,800.0,1.0,0.75,1102.0,11.0,290.0,Debit Card,4.0
2023-01-11,36-45,PA,Other,Middle,App,Home,Beds,Tempur-Pedic,Cloud Supreme,2215.0,1800.0,1.0,0.82,2215.0,18.0,396.0,Digital Wallet,5.0
2023-01-11,18-25,PA,Male,Middle,Email,Electronics,Smartphones,Samsung,Galaxy Z Fold 5,1801.0,1500.0,6.0,1.08,10808.0,36.0,1772.0,Debit Card,7.0
2023-01-11,36-45,OH,Male,Middle,App,Electronics,Laptops,Apple Laptop,MacBook Pro M3,1832.0,1500.0,1.0,1.91,1832.0,13.0,318.0,Digital Wallet,2.0
2023-01-11,36-45,PA,Male,Middle,App,Electronics,Smartphones,Samsung,Galaxy A32,336.0,250.0,3.0,0.84,1009.0,21.0,238.0,Credit Card,6.0
2023-01-11,26-35,NC,Female,Middle,Others,Clothing,Jeans,Wrangler,Authentics,53.0,30.0,3.0,0.92,158.0,13.0,55.0,Debit Card,6.0
2023-01-11,66+,CA,Female,Middle,Affiliates,Home,Furniture,IKEA,Kallax Shelf,86.0,60.0,2.0,1.15,171.0,23.0,29.0,Digital Wallet,2.0
2023-01-11,26-35,TX,Other,High,Organic,Clothing,Jeans,Levis,501 Original,81.0,60.0,3.0,1.52,244.0,9.0,54.0,BNPL,3.0
2023-01-11,66+,TX,Female,Middle,App,Clothing,T-Shirts,Adidas,Essentials,42.0,35.0,4.0,1.36,170.0,10.0,20.0,Credit Card,5.0
2023-01-11,46-55,NY,Other,Low,App,Electronics,Smartphones,Samsung,Galaxy S21,734.0,500.0,3.0,0.95,2201.0,23.0,679.0,Credit Card,7.0
2023-01-11,56-65,NC,Male,Middle,PPC,Beauty,Skincare,Neutrogena,Hydro Boost Gel,26.0,20.0,3.0,0.74,77.0,11.0,6.0,Digital Wallet,5.0
2023-01-11,26-35,TX,Other,High,Organic,Clothing,T-Shirts,Adidas,Performance,81.0,45.0,5.0,1.99,407.0,11.0,171.0,BNPL,6.0
2023-01-11,56-65,FL,Male,Middle,Email,Clothing,Jeans,Levis,501 Original,81.0,60.0,3.0,0.66,243.0,10.0,52.0,Digital Wallet,5.0
2023-01-11,56-65,IL,Female,Middle,Email,Clothing,Jeans,Levis,Slim Fit,66.0,50.0,1.0,1.2,66.0,8.0,7.0,Credit Card,2.0
2023-01-11,18-25,TX,Male,Middle,Others,Electronics,Smartphones,Apple,iPhone SE,576.0,400.0,2.0,1.82,1152.0,15.0,337.0,Debit Card,4.0
2023-01-11,26-35,FL,Female,Low,PPC,Clothing,T-Shirts,Adidas,Essentials,46.0,35.0,3.0,1.02,137.0,9.0,22.0,BNPL,5.0
2023-01-11,36-45,CA,Other,High,Affiliates,Beauty,Skincare,Neutrogena,Hydro Boost Gel,26.0,20.0,2.0,1.75,51.0,4.0,7.0,Digital Wallet,6.0
2023-01-11,18-25,PA,Other,Low,App,Beauty,Makeup,Maybelline,Fit Me Foundation,20.0,15.0,5.0,1.63,100.0,9.0,16.0,Credit Card,6.0
2023-01-11,36-45,CA,Other,Low,App,Electronics,Smartphones,Samsung,Galaxy A32,334.0,250.0,3.0,0.75,1003.0,18.0,235.0,Digital Wallet,5.0
2023-01-11,46-55,OH,Male,Middle,Organic,Clothing,T-Shirts,Adidas,Performance,72.0,45.0,2.0,1.93,144.0,8.0,46.0,Credit Card,4.0
2023-01-11,56-65,GA,Other,Middle,App,Electronics,Smartphones,Apple,iPhone 15,1111.0,800.0,2.0,1.68,2222.0,14.0,608.0,Debit Card,4.0
2023-01-11,26-35,NY,Male,Middle,App,Beauty,Makeup,Revlon,PhotoReady Concealer,18.0,12.0,4.0,0.54,70.0,10.0,12.0,Credit Card,6.0
2023-01-11,56-65,NY,Female,High,Organic,Clothing,T-Shirts,Adidas,Performance,62.0,45.0,1.0,1.39,62.0,9.0,8.0,Debit Card,6.0
2023-01-11,66+,NC,Other,Middle,App,Electronics,Smartphones,Apple,iPhone 14,990.0,700.0,3.0,1.2,2971.0,24.0,847.0,BNPL,6.0
2023-01-11,66+,NY,Female,High,Affiliates,Beauty,Skincare,Neutrogena,Rapid Wrinkle Repair,26.0,20.0,2.0,1.54,52.0,9.0,3.0,Digital Wallet,5.0
2023-01-11,56-65,MI,Male,Low,App,Beauty,Makeup,Revlon,ColorStay Lipstick,24.0,15.0,6.0,0.59,145.0,11.0,44.0,Digital Wallet,8.0
2023-01-11,26-35,OH,Other,High,Organic,Home,Furniture,IKEA,Billy Bookcase,149.0,100.0,1.0,1.85,149.0,15.0,33.0,Credit Card,5.0
2023-01-11,18-25,CA,Male,Middle,PPC,Clothing,Jeans,Levis,Slim Fit,72.0,50.0,1.0,0.51,72.0,4.0,18.0,Credit Card,3.0
2023-01-11,18-25,CA,Female,Middle,App,Beauty,Makeup,Maybelline,Fit Me Foundation,18.0,15.0,5.0,1.87,88.0,6.0,7.0,Credit Card,5.0
2023-01-11,36-45,MI,Other,Low,PPC,Clothing,Jeans,Levis,Slim Fit,73.0,50.0,2.0,1.71,145.0,10.0,35.0,Debit Card,5.0
2023-01-11,46-55,CA,Female,Middle,Organic,Electronics,Smartphones,Apple,iPhone 15,1079.0,800.0,1.0,0.74,1079.0,8.0,271.0,Digital Wallet,5.0
2023-01-11,56-65,IL,Female,Middle,Others,Beauty,Makeup,Maybelline,Fit Me Foundation,25.0,15.0,4.0,0.85,99.0,9.0,30.0,Debit Card,4.0
2023-01-11,66+,IL,Other,Low,Email,Home,Beds,Serta,Perfect Sleeper,930.0,750.0,1.0,1.43,930.0,19.0,161.0,BNPL,5.0
2023-01-11,36-45,PA,Male,Middle,Organic,Beauty,Makeup,Revlon,PhotoReady Concealer,17.0,12.0,4.0,1.98,66.0,9.0,10.0,Digital Wallet,6.0
2023-01-11,36-45,CA,Female,Low,PPC,Home,Beds,Tempur-Pedic,Cloud Supreme,2034.0,1800.0,2.0,0.54,4069.0,27.0,442.0,Credit Card,4.0
2023-01-11,36-45,FL,Male,Low,Affiliates,Clothing,Jeans,Wrangler,Regular Fit,60.0,35.0,2.0,1.04,120.0,9.0,42.0,Digital Wallet,3.0
2023-01-11,36-45,CA,Male,Middle,Email,Clothing,Jeans,Wrangler,Regular Fit,55.0,35.0,3.0,1.16,165.0,7.0,52.0,Credit Card,3.0
2023-01-11,66+,FL,Male,Middle,Organic,Electronics,Laptops,Apple Laptop,MacBook Air M1,1075.0,900.0,2.0,1.32,2149.0,22.0,327.0,Digital Wallet,5.0
2023-01-11,66+,IL,Male,Low,Organic,Electronics,Smartphones,Samsung,Galaxy S21,740.0,500.0,3.0,0.73,2219.0,22.0,697.0,Credit Card,5.0
2023-01-11,26-35,MI,Male,Middle,Affiliates,Clothing,Jeans,Wrangler,Authentics,63.0,30.0,2.0,1.67,127.0,10.0,56.0,Digital Wallet,4.0
2023-01-11,36-45,PA,Female,Middle,App,Clothing,Jeans,Levis,501 Original,88.0,60.0,3.0,1.93,263.0,11.0,72.0,Digital Wallet,4.0
2023-01-11,18-25,FL,Female,Low,Organic,Clothing,Jeans,Wrangler,Regular Fit,65.0,35.0,3.0,1.21,196.0,10.0,81.0,Credit Card,4.0
2023-01-11,18-25,TX,Female,Middle,Organic,Clothing,Jeans,Wrangler,Authentics,49.0,30.0,1.0,1.44,49.0,6.0,13.0,Debit Card,3.0
2023-01-11,26-35,TX,Male,Middle,App,Clothing,T-Shirts,Adidas,Performance,67.0,45.0,1.0,0.64,67.0,6.0,16.0,Digital Wallet,3.0
2023-01-11,46-55,FL,Male,Middle,App,Clothing,T-Shirts,Adidas,Performance,71.0,45.0,4.0,0.72,283.0,11.0,92.0,Credit Card,5.0
2023-01-11,56-65,NY,Male,Low,Others,Home,Beds,Tempur-Pedic,Contour Elite,1947.0,1700.0,2.0,0.92,3894.0,32.0,462.0,Debit Card,6.0
2023-01-11,66+,NY,Female,Middle,Others,Clothing,T-Shirts,Nike,Dry-FIT,31.0,20.0,1.0,1.69,31.0,9.0,2.0,Debit Card,4.0
2023-01-11,26-35,IL,Other,Low,Others,Electronics,Smartphones,Apple,iPhone 15,1074.0,800.0,1.0,1.4,1074.0,12.0,263.0,Debit Card,3.0
2023-01-11,26-35,TX,Female,Middle,Organic,Electronics,Smartphones,Apple,iPhone SE,530.0,400.0,3.0,1.87,1590.0,20.0,370.0,Digital Wallet,5.0
2023-01-11,36-45,NY,Other,Middle,Organic,Electronics,Smartphones,Apple,iPhone 14,1001.0,700.0,3.0,0.53,3002.0,23.0,879.0,Credit Card,5.0
2023-01-11,36-45,CA,Male,Middle,Email,Clothing,T-Shirts,Adidas,Performance,76.0,45.0,2.0,1.36,152.0,5.0,57.0,Digital Wallet,3.0
2023-01-11,46-55,CA,Male,Low,Organic,Electronics,Smartphones,Apple,iPhone 15,1098.0,800.0,1.0,0.51,1098.0,8.0,290.0,Debit Card,2.0
2023-01-11,36-45,NY,Male,Middle,Email,Clothing,Jeans,Levis,Slim Fit,65.0,50.0,1.0,0.81,65.0,9.0,5.0,BNPL,4.0
2023-01-11,26-35,PA,Female,Middle,Email,Clothing,Jeans,Wrangler,Authentics,41.0,30.0,1.0,1.52,41.0,8.0,3.0,Digital Wallet,4.0
2023-01-11,36-45,CA,Male,Low,Others,Home,Furniture,IKEA,Kallax Shelf,64.0,60.0,1.0,1.47,64.0,13.0,-9.0,Digital Wallet,4.0
2023-01-11,56-65,NY,Female,Middle,App,Electronics,Laptops,Apple Laptop,MacBook Pro M3,1818.0,1500.0,1.0,1.44,1818.0,16.0,302.0,Digital Wallet,6.0
2023-01-11,66+,NY,Other,High,Organic,Home,Furniture,Ashley Furniture,Bed Frame,257.0,100.0,1.0,1.49,257.0,18.0,139.0,Debit Card,5.0
2023-01-11,56-65,TX,Male,Middle,Affiliates,Beauty,Skincare,Neutrogena,Hydro Boost Gel,25.0,20.0,1.0,1.38,25.0,6.0,-0.0,Credit Card,5.0
2023-01-11,36-45,NY,Other,Middle,App,Clothing,Jeans,Wrangler,Regular Fit,60.0,35.0,3.0,0.62,181.0,12.0,64.0,Debit Card,3.0
2023-01-11,36-45,TX,Female,Middle,PPC,Electronics,Smartphones,Apple,iPhone 14,961.0,700.0,2.0,1.96,1922.0,15.0,507.0,Debit Card,4.0
2023-01-11,46-55,NY,Other,Middle,Organic,Home,Furniture,Ashley Furniture,Dining Table,382.0,200.0,1.0,1.95,382.0,18.0,164.0,Debit Card,6.0
2023-01-11,26-35,CA,Other,Low,Organic,Beauty,Makeup,Revlon,PhotoReady Concealer,16.0,12.0,4.0,1.42,65.0,5.0,12.0,Credit Card,3.0
2023-01-11,26-35,TX,Other,Middle,Affiliates,Home,Furniture,IKEA,Kallax Shelf,73.0,60.0,1.0,1.9,73.0,15.0,-1.0,BNPL,3.0
2023-01-11,26-35,PA,Female,Low,Others,Electronics,Smartphones,Apple,iPhone 14,1002.0,700.0,1.0,1.8,1002.0,11.0,291.0,BNPL,4.0
2023-01-11,56-65,IL,Female,Middle,Others,Home,Furniture,IKEA,Kallax Shelf,74.0,60.0,2.0,0.54,148.0,27.0,1.0,Credit Card,5.0
2023-01-11,56-65,GA,Other,Middle,PPC,Electronics,Smartphones,Apple,iPhone 15,1083.0,800.0,2.0,1.67,2166.0,14.0,553.0,Digital Wallet,6.0
2023-01-11,36-45,NY,Male,Middle,PPC,Clothing,Jeans,Levis,Slim Fit,77.0,50.0,3.0,1.63,230.0,12.0,68.0,Debit Card,4.0
2023-01-11,18-25,IL,Male,Middle,Affiliates,Beauty,Makeup,Revlon,ColorStay Lipstick,20.0,15.0,6.0,1.36,122.0,10.0,22.0,Credit Card,6.0
2023-01-11,18-25,TX,Female,Middle,Organic,Electronics,Laptops,Dell,Inspiron,724.0,600.0,2.0,0.67,1447.0,21.0,226.0,Debit Card,3.0
2023-01-11,26-35,TX,Female,High,Email,Electronics,Smartphones,Samsung,Galaxy S21,768.0,500.0,1.0,1.39,768.0,10.0,258.0,Debit Card,3.0
2023-01-11,18-25,TX,Male,Middle,Email,Home,Furniture,Ashley Furniture,Dining Table,386.0,200.0,4.0,1.13,1542.0,45.0,697.0,Digital Wallet,6.0
2023-01-11,56-65,PA,Other,Middle,Others,Home,Beds,Tempur-Pedic,Cloud Supreme,2086.0,1800.0,1.0,1.0,2086.0,18.0,267.0,Credit Card,5.0
2023-01-11,36-45,NC,Female,High,App,Beauty,Makeup,Maybelline,Fit Me Foundation,21.0,15.0,4.0,1.31,84.0,11.0,13.0,BNPL,5.0
2023-01-11,18-25,CA,Female,Middle,Organic,Clothing,T-Shirts,Nike,Dry-FIT,22.0,20.0,5.0,1.09,108.0,9.0,-1.0,Credit Card,4.0
2023-01-11,46-55,CA,Other,Middle,App,Beauty,Skincare,Neutrogena,Oil-Free Acne Wash,22.0,15.0,3.0,0.6,66.0,5.0,16.0,Digital Wallet,4.0
2023-01-11,36-45,NY,Female,Middle,Organic,Electronics,Smartphones,Apple,iPhone 15,1130.0,800.0,2.0,1.06,2259.0,18.0,641.0,Digital Wallet,4.0
2023-01-11,56-65,NY,Female,Middle,App,Beauty,Skincare,Neutrogena,Hydro Boost Gel,26.0,20.0,2.0,0.88,52.0,9.0,3.0,Debit Card,4.0
2023-01-11,18-25,MI,Female,High,Organic,Beauty,Makeup,Maybelline,Lash Sensational Mascara,12.0,10.0,2.0,0.98,24.0,8.0,-4.0,Debit Card,3.0
2023-01-11,36-45,CA,Male,High,Affiliates,Clothing,T-Shirts,Nike,Sportswear,40.0,25.0,5.0,1.26,202.0,9.0,68.0,Credit Card,5.0
2023-01-11,66+,TX,Male,High,App,Home,Furniture,Ashley Furniture,Sofa,448.0,300.0,1.0,1.39,448.0,15.0,133.0,Digital Wallet,3.0
2023-01-11,26-35,NC,Female,High,Email,Beauty,Makeup,Maybelline,Fit Me Foundation,23.0,15.0,3.0,0.97,70.0,11.0,14.0,Credit Card,3.0
2023-01-11,66+,NC,Male,High,Others,Electronics,Smartphones,Apple,iPhone SE,567.0,400.0,1.0,1.25,567.0,14.0,154.0,Credit Card,4.0
2023-01-11,18-25,GA,Male,Middle,App,Beauty,Makeup,Maybelline,Fit Me Foundation,20.0,15.0,1.0,0.51,20.0,4.0,0.0,BNPL,5.0
2023-01-11,36-45,IL,Male,Middle,Email,Clothing,T-Shirts,Nike,Sportswear,36.0,25.0,1.0,0.92,36.0,8.0,3.0,Debit Card,5.0
2023-01-11,18-25,CA,Female,Middle,Email,Home,Furniture,IKEA,Billy Bookcase,156.0,100.0,4.0,1.97,623.0,43.0,180.0,Digital Wallet,5.0
2023-01-11,18-25,NC,Female,Middle,Organic,Electronics,Smartphones,Apple,iPhone 15,1108.0,800.0,2.0,1.24,2215.0,19.0,596.0,Credit Card,4.0
2023-01-11,36-45,CA,Male,Middle,App,Clothing,Jeans,Levis,501 Original,82.0,60.0,2.0,0.77,164.0,6.0,38.0,Debit Card,8.0
2023-01-11,26-35,PA,Female,High,Others,Beauty,Makeup,Maybelline,Lash Sensational Mascara,18.0,10.0,4.0,0.72,74.0,9.0,25.0,Credit Card,4.0
2023-01-11,26-35,CA,Female,High,Email,Beauty,Makeup,Maybelline,Lash Sensational Mascara,12.0,10.0,5.0,1.46,60.0,6.0,4.0,Debit Card,5.0
2023-01-11,26-35,TX,Other,Low,App,Clothing,Jeans,Wrangler,Authentics,53.0,30.0,3.0,1.26,160.0,9.0,61.0,Digital Wallet,4.0
2023-01-11,18-25,CA,Male,Low,App,Beauty,Makeup,Revlon,PhotoReady Concealer,16.0,12.0,2.0,1.98,31.0,4.0,3.0,BNPL,4.0
2023-01-11,26-35,NY,Female,Middle,Organic,Electronics,Laptops,HP,Envy,884.0,700.0,2.0,1.38,1769.0,24.0,345.0,Debit Card,6.0
2023-01-11,26-35,CA,Female,Low,Others,Clothing,Jeans,Wrangler,Authentics,39.0,30.0,2.0,1.58,79.0,6.0,13.0,Debit Card,3.0
2023-01-11,18-25,GA,Female,High,App,Beauty,Makeup,Revlon,PhotoReady Concealer,17.0,12.0,3.0,0.71,50.0,6.0,9.0,Credit Card,5.0
2023-01-11,36-45,FL,Male,Middle,Others,Home,Furniture,Ashley Furniture,Dining Table,351.0,200.0,2.0,0.89,702.0,26.0,276.0,Debit Card,5.0
2023-01-11,46-55,NY,Other,High,Organic,Clothing,Jeans,Wrangler,Authentics,46.0,30.0,3.0,1.87,137.0,12.0,35.0,Debit Card,4.0
2023-01-11,26-35,TX,Other,Low,Organic,Electronics,Laptops,Dell,Inspiron,832.0,600.0,1.0,1.32,832.0,13.0,219.0,Credit Card,4.0
2023-01-11,36-45,IL,Other,Middle,Organic,Beauty,Makeup,Revlon,PhotoReady Concealer,17.0,12.0,5.0,1.35,85.0,10.0,15.0,BNPL,6.0
2023-01-11,26-35,FL,Female,Low,Organic,Electronics,Smartphones,Samsung,Galaxy A32,292.0,250.0,2.0,1.01,583.0,16.0,67.0,Credit Card,4.0
2023-01-11,56-65,CA,Male,Middle,Organic,Clothing,T-Shirts,Nike,Sportswear,38.0,25.0,4.0,0.82,152.0,8.0,44.0,Digital Wallet,4.0
2023-01-11,56-65,NY,Male,Low,Email,Clothing,T-Shirts,Nike,Dry-FIT,26.0,20.0,5.0,1.66,128.0,14.0,14.0,Credit Card,15.0
2023-01-11,18-25,NY,Female,High,Others,Beauty,Makeup,Revlon,ColorStay Lipstick,19.0,15.0,10.0,0.69,190.0,14.0,26.0,Credit Card,9.0
2023-01-11,18-25,GA,Female,Low,Others,Electronics,Smartphones,Apple,iPhone 14,977.0,700.0,1.0,1.94,977.0,9.0,268.0,Digital Wallet,6.0
2023-01-11,56-65,TX,Male,Middle,App,Electronics,Smartphones,Samsung,Galaxy S21,700.0,500.0,2.0,0.77,1400.0,15.0,385.0,BNPL,5.0
2023-01-11,26-35,MI,Female,Middle,PPC,Clothing,T-Shirts,Nike,Dry-FIT,25.0,20.0,1.0,0.98,25.0,8.0,-3.0,Debit Card,4.0
2023-01-11,26-35,TX,Female,High,Affiliates,Clothing,Jeans,Levis,Slim Fit,65.0,50.0,7.0,1.18,456.0,15.0,91.0,Credit Card,6.0
2023-01-11,18-25,PA,Male,Middle,Affiliates,Beauty,Skincare,Neutrogena,Hydro Boost Gel,20.0,20.0,5.0,1.26,101.0,10.0,-9.0,Credit Card,6.0
2023-01-11,66+,TX,Female,Low,App,Electronics,Smartphones,Apple,iPhone 15,1080.0,800.0,1.0,0.9,1080.0,10.0,270.0,BNPL,2.0
2023-01-11,36-45,CA,Female,High,Affiliates,Home,Furniture,Ashley Furniture,Bed Frame,245.0,100.0,2.0,1.45,491.0,23.0,268.0,Credit Card,6.0
2023-01-11,66+,NY,Other,Middle,Organic,Electronics,Smartphones,Samsung,Galaxy S21,731.0,500.0,13.0,1.52,9497.0,73.0,2925.0,BNPL,9.0
2023-01-11,36-45,OH,Female,Low,PPC,Clothing,T-Shirts,Adidas,Performance,77.0,45.0,4.0,1.58,308.0,10.0,118.0,Digital Wallet,5.0
2023-01-11,26-35,MI,Female,Low,Others,Beauty,Makeup,Revlon,ColorStay Lipstick,20.0,15.0,3.0,1.16,59.0,9.0,5.0,Digital Wallet,6.0
2023-01-11,36-45,CA,Male,High,Organic,Home,Furniture,IKEA,Billy Bookcase,123.0,100.0,2.0,1.01,245.0,23.0,23.0,Debit Card,4.0
2023-01-11,36-45,TX,Male,Low,Organic,Electronics,Smartphones,Apple,iPhone 14,1015.0,700.0,1.0,0.68,1015.0,10.0,305.0,Credit Card,3.0
2023-01-11,18-25,CA,Female,Middle,Organic,Electronics,Smartphones,Samsung,Galaxy Z Fold 5,1707.0,1500.0,1.0,0.61,1707.0,8.0,199.0,Debit Card,3.0
2023-01-11,18-25,CA,Female,High,Others,Electronics,Smartphones,Apple,iPhone SE,591.0,400.0,3.0,1.58,1774.0,18.0,556.0,Credit Card,4.0
2023-01-11,36-45,PA,Male,Middle,Email,Clothing,Jeans,Levis,501 Original,76.0,60.0,3.0,1.17,227.0,11.0,36.0,Credit Card,5.0
2023-01-11,26-35,GA,Female,Low,Organic,Clothing,T-Shirts,Adidas,Essentials,41.0,35.0,4.0,0.83,163.0,9.0,15.0,Credit Card,5.0
2023-01-11,56-65,OH,Female,Low,Affiliates,Home,Furniture,Ashley Furniture,Sofa,426.0,300.0,1.0,1.56,426.0,15.0,110.0,Credit Card,8.0
2023-01-11,56-65,MI,Male,Low,Organic,Home,Furniture,IKEA,Billy Bookcase,117.0,100.0,2.0,0.98,235.0,27.0,8.0,Credit Card,5.0
2023-01-11,36-45,OH,Male,Middle,Others,Home,Beds,Tempur-Pedic,Cloud Supreme,2064.0,1800.0,2.0,0.86,4127.0,29.0,498.0,Digital Wallet,8.0
2023-01-11,26-35,MI,Male,High,Email,Beauty,Makeup,Maybelline,Fit Me Foundation,24.0,15.0,1.0,1.57,24.0,8.0,2.0,Credit Card,3.0
2023-01-11,26-35,MI,Male,Middle,Email,Home,Furniture,IKEA,Billy Bookcase,140.0,100.0,1.0,0.73,140.0,17.0,22.0,Credit Card,5.0
2023-01-11,36-45,NY,Other,Middle,Email,Clothing,Jeans,Wrangler,Regular Fit,58.0,35.0,3.0,0.84,173.0,12.0,56.0,Debit Card,6.0
2023-01-11,26-35,TX,Female,Middle,Organic,Beauty,Makeup,Maybelline,Fit Me Foundation,25.0,15.0,4.0,1.2,102.0,7.0,34.0,Debit Card,6.0
2023-01-11,36-45,CA,Male,Middle,Others,Beauty,Makeup,Maybelline,Lash Sensational Mascara,17.0,10.0,6.0,1.48,100.0,6.0,34.0,Credit Card,5.0
2023-01-11,26-35,TX,Male,Middle,Organic,Clothing,Jeans,Levis,Slim Fit,70.0,50.0,3.0,1.82,209.0,9.0,49.0,Debit Card,4.0
2023-01-11,66+,TX,Male,Low,Affiliates,Electronics,Smartphones,Samsung,Galaxy S21,793.0,500.0,3.0,0.82,2378.0,20.0,858.0,Credit Card,5.0
2023-01-11,66+,CA,Female,Low,App,Home,Furniture,IKEA,Billy Bookcase,163.0,100.0,1.0,1.98,163.0,13.0,51.0,BNPL,4.0
2023-01-11,26-35,TX,Male,Middle,PPC,Home,Furniture,IKEA,Billy Bookcase,163.0,100.0,3.0,0.71,488.0,35.0,153.0,Credit Card,5.0
2023-01-11,26-35,GA,Male,Middle,PPC,Clothing,Jeans,Levis,501 Original,79.0,60.0,1.0,1.32,79.0,5.0,13.0,Digital Wallet,4.0
2023-01-11,36-45,OH,Other,Low,Organic,Clothing,T-Shirts,Nike,Sportswear,40.0,25.0,5.0,0.53,198.0,11.0,61.0,Debit Card,6.0
2023-01-11,46-55,NC,Other,Low,App,Electronics,Laptops,Apple Laptop,MacBook Pro M2,1348.0,1200.0,2.0,1.87,2697.0,25.0,272.0,BNPL,7.0
2023-01-11,36-45,CA,Male,Middle,PPC,Clothing,T-Shirts,Adidas,Performance,80.0,45.0,4.0,1.6,319.0,8.0,132.0,BNPL,5.0
2023-01-11,18-25,CA,Other,Middle,Affiliates,Clothing,T-Shirts,Adidas,Performance,70.0,45.0,1.0,1.13,70.0,4.0,21.0,Credit Card,3.0
2023-01-11,36-45,OH,Male,Low,App,Clothing,Jeans,Wrangler,Authentics,58.0,30.0,11.0,1.33,638.0,22.0,286.0,Digital Wallet,8.0
2023-01-11,26-35,FL,Female,Middle,PPC,Electronics,Laptops,Dell,XPS,1577.0,1300.0,2.0,1.77,3154.0,22.0,532.0,Credit Card,5.0
2023-01-11,18-25,CA,Male,Middle,Organic,Beauty,Makeup,Revlon,PhotoReady Concealer,22.0,12.0,2.0,0.84,43.0,4.0,15.0,Debit Card,3.0
2023-01-11,46-55,NC,Male,High,Organic,Electronics,Smartphones,Apple,iPhone 14,982.0,700.0,2.0,1.68,1964.0,19.0,545.0,Debit Card,5.0
2023-01-11,26-35,FL,Male,Low,Others,Clothing,Jeans,Wrangler,Regular Fit,52.0,35.0,1.0,1.8,52.0,7.0,10.0,Debit Card,3.0
2023-01-11,26-35,FL,Female,Middle,Affiliates,Clothing,Jeans,Levis,Slim Fit,74.0,50.0,2.0,0.66,148.0,9.0,39.0,Digital Wallet,4.0
2023-01-11,36-45,MI,Female,Middle,Others,Electronics,Smartphones,Samsung,Galaxy A32,363.0,250.0,2.0,1.2,726.0,17.0,209.0,Digital Wallet,6.0
2023-01-11,36-45,NY,Female,Middle,App,Clothing,Jeans,Wrangler,Authentics,42.0,30.0,3.0,1.94,126.0,12.0,23.0,Credit Card,4.0
2023-01-11,56-65,PA,Female,Low,App,Home,Beds,Tempur-Pedic,Cloud Supreme,2044.0,1800.0,2.0,1.33,4088.0,30.0,458.0,Digital Wallet,5.0
2023-01-11,26-35,FL,Female,High,Organic,Home,Furniture,IKEA,Billy Bookcase,148.0,100.0,1.0,0.72,148.0,16.0,32.0,Debit Card,5.0
2023-01-11,26-35,FL,Female,Low,Organic,Clothing,Jeans,Wrangler,Authentics,57.0,30.0,1.0,1.15,57.0,7.0,19.0,Debit Card,3.0
2023-01-11,66+,FL,Male,Low,App,Home,Beds,Tempur-Pedic,Cloud Supreme,2095.0,1800.0,2.0,1.26,4190.0,30.0,560.0,Digital Wallet,5.0
2023-01-11,56-65,TX,Female,High,Others,Electronics,Smartphones,Samsung,Galaxy A32,378.0,250.0,2.0,0.7,756.0,15.0,242.0,Digital Wallet,4.0
2023-01-11,46-55,TX,Male,Middle,App,Beauty,Makeup,Maybelline,Fit Me Foundation,23.0,15.0,6.0,1.19,137.0,8.0,39.0,Credit Card,6.0
2023-01-11,56-65,OH,Male,Low,App,Electronics,Smartphones,Apple,iPhone 15,1068.0,800.0,1.0,1.0,1068.0,10.0,258.0,Credit Card,4.0
2023-01-11,46-55,NY,Female,Middle,Affiliates,Clothing,Jeans,Wrangler,Authentics,50.0,30.0,3.0,0.61,149.0,12.0,46.0,Debit Card,5.0
2023-01-11,18-25,TX,Male,Low,PPC,Beauty,Makeup,Revlon,ColorStay Lipstick,21.0,15.0,1.0,1.9,21.0,5.0,1.0,BNPL,5.0
2023-01-11,26-35,NY,Female,Middle,App,Electronics,Smartphones,Samsung,Galaxy A32,340.0,250.0,3.0,1.62,1020.0,23.0,247.0,Debit Card,5.0
2023-01-11,26-35,CA,Male,High,Email,Clothing,Jeans,Levis,Bootcut,111.0,100.0,2.0,1.04,221.0,6.0,15.0,BNPL,3.0
2023-01-11,26-35,FL,Female,Low,Organic,Electronics,Smartphones,Apple,iPhone SE,610.0,400.0,2.0,1.55,1220.0,16.0,404.0,Debit Card,5.0
2023-01-11,36-45,IL,Female,Low,Email,Beauty,Skincare,Neutrogena,Hydro Boost Gel,27.0,20.0,1.0,1.19,27.0,8.0,-1.0,Digital Wallet,3.0
2023-01-11,18-25,CA,Male,Low,Affiliates,Clothing,Jeans,Wrangler,Regular Fit,62.0,35.0,2.0,1.72,124.0,6.0,49.0,Debit Card,4.0
2023-01-11,18-25,CA,Male,Low,App,Home,Beds,Serta,Perfect Sleeper,921.0,750.0,1.0,1.63,921.0,15.0,156.0,Digital Wallet,4.0
2023-01-11,26-35,OH,Male,High,Email,Home,Furniture,IKEA,Billy Bookcase,169.0,100.0,1.0,0.72,169.0,15.0,54.0,Digital Wallet,5.0
2023-01-11,46-55,GA,Female,Middle,Organic,Clothing,Jeans,Levis,Slim Fit,62.0,50.0,1.0,0.51,62.0,5.0,7.0,BNPL,3.0
2023-01-11,26-35,FL,Female,Low,Others,Clothing,Jeans,Wrangler,Authentics,58.0,30.0,11.0,1.47,642.0,22.0,290.0,Credit Card,8.0
2023-01-11,26-35,TX,Male,Low,Organic,Clothing,Jeans,Levis,Slim Fit,68.0,50.0,2.0,1.47,136.0,8.0,28.0,Digital Wallet,4.0
2023-01-11,36-45,CA,Male,Low,Organic,Home,Furniture,IKEA,Kallax Shelf,67.0,60.0,1.0,1.01,67.0,13.0,-6.0,Debit Card,4.0
2023-01-11,26-35,TX,Female,Middle,Email,Home,Beds,Tempur-Pedic,Contour Elite,1962.0,1700.0,1.0,1.72,1962.0,17.0,245.0,Digital Wallet,4.0
2023-01-11,36-45,OH,Male,High,Email,Home,Beds,Tempur-Pedic,Contour Elite,1816.0,1700.0,1.0,1.29,1816.0,17.0,99.0,Digital Wallet,5.0
2023-01-11,56-65,CA,Male,Middle,App,Clothing,Jeans,Levis,Bootcut,113.0,100.0,1.0,0.91,113.0,4.0,9.0,Credit Card,2.0
2023-01-11,18-25,CA,Male,High,PPC,Electronics,Laptops,Apple Laptop,MacBook Air M1,1082.0,900.0,1.0,1.53,1082.0,11.0,171.0,Digital Wallet,3.0
2023-01-11,46-55,FL,Other,Middle,Organic,Clothing,Jeans,Wrangler,Authentics,52.0,30.0,2.0,1.01,105.0,9.0,36.0,Credit Card,4.0
2023-01-11,18-25,NY,Other,Middle,App,Electronics,Laptops,HP,Envy,979.0,700.0,1.0,1.54,979.0,16.0,263.0,Digital Wallet,5.0
2023-01-11,56-65,FL,Female,Middle,Email,Home,Furniture,IKEA,Billy Bookcase,161.0,100.0,2.0,1.23,323.0,26.0,97.0,Digital Wallet,5.0
2023-01-11,66+,IL,Male,Middle,Others,Home,Furniture,Ashley Furniture,Sofa,440.0,300.0,2.0,0.98,880.0,27.0,253.0,Digital Wallet,5.0
2023-01-11,26-35,CA,Male,High,Others,Beauty,Makeup,Revlon,PhotoReady Concealer,19.0,12.0,2.0,1.24,39.0,4.0,11.0,Debit Card,4.0
2023-01-11,36-45,MI,Other,Middle,Others,Clothing,Jeans,Wrangler,Regular Fit,59.0,35.0,1.0,1.44,59.0,9.0,15.0,Credit Card,4.0
2023-01-11,26-35,NC,Male,Middle,App,Electronics,Laptops,Apple Laptop,MacBook Air M2,1348.0,1000.0,2.0,1.58,2696.0,25.0,671.0,Debit Card,6.0
2023-01-11,18-25,NY,Male,Middle,Organic,Beauty,Makeup,Maybelline,Lash Sensational Mascara,19.0,10.0,3.0,1.46,56.0,10.0,17.0,Digital Wallet,5.0
2023-01-11,46-55,IL,Male,Middle,Affiliates,Home,Furniture,IKEA,Billy Bookcase,129.0,100.0,1.0,1.83,129.0,17.0,12.0,Digital Wallet,4.0
2023-01-11,56-65,IL,Female,Low,App,Home,Beds,Serta,Perfect Sleeper,947.0,750.0,1.0,0.76,947.0,19.0,178.0,Debit Card,7.0
2023-01-11,36-45,NC,Female,Middle,App,Beauty,Makeup,Maybelline,Lash Sensational Mascara,13.0,10.0,3.0,1.92,39.0,11.0,-2.0,Credit Card,5.0
2023-01-11,66+,FL,Female,High,Organic,Clothing,T-Shirts,Adidas,Performance,68.0,45.0,4.0,1.96,274.0,11.0,83.0,Credit Card,5.0
2023-01-11,46-55,MI,Male,Low,Email,Electronics,Laptops,Apple Laptop,MacBook Air M2,1398.0,1000.0,2.0,1.73,2795.0,23.0,772.0,Digital Wallet,5.0
2023-01-11,66+,CA,Female,Middle,Affiliates,Beauty,Makeup,Maybelline,Lash Sensational Mascara,16.0,10.0,2.0,1.85,32.0,4.0,8.0,BNPL,3.0
2023-01-11,18-25,PA,Other,Low,Others,Beauty,Skincare,Neutrogena,Hydro Boost Gel,22.0,20.0,8.0,1.78,172.0,12.0,0.0,Digital Wallet,6.0
2023-01-11,26-35,CA,Other,High,PPC,Beauty,Skincare,Neutrogena,Rapid Wrinkle Repair,31.0,20.0,3.0,1.1,93.0,5.0,28.0,Credit Card,3.0
2023-01-11,26-35,CA,Male,High,App,Electronics,Laptops,HP,Pavilion,714.0,600.0,2.0,0.86,1427.0,19.0,209.0,Credit Card,4.0
2023-01-11,46-55,IL,Male,High,Organic,Clothing,Jeans,Levis,501 Original,82.0,60.0,1.0,0.59,82.0,8.0,14.0,Credit Card,4.0
2023-01-11,56-65,NY,Other,Low,Others,Beauty,Skincare,Neutrogena,Rapid Wrinkle Repair,21.0,20.0,1.0,1.17,21.0,9.0,-8.0,Digital Wallet,3.0
2023-01-11,56-65,CA,Female,Middle,Others,Beauty,Makeup,Maybelline,Lash Sensational Mascara,14.0,10.0,5.0,1.91,71.0,6.0,15.0,Digital Wallet,4.0
2023-01-11,36-45,PA,Female,Middle,Organic,Home,Furniture,IKEA,Billy Bookcase,155.0,100.0,1.0,0.82,155.0,16.0,38.0,Credit Card,5.0
2023-01-11,36-45,FL,Female,Middle,Affiliates,Electronics,Smartphones,Samsung,Galaxy A32,392.0,250.0,1.0,1.24,392.0,11.0,131.0,Digital Wallet,3.0
2023-01-11,26-35,PA,Male,Middle,Organic,Clothing,Jeans,Levis,501 Original,87.0,60.0,1.0,1.31,87.0,8.0,19.0,Credit Card,3.0
2023-01-11,46-55,CA,Male,Middle,PPC,Beauty,Makeup,Revlon,ColorStay Lipstick,20.0,15.0,6.0,1.35,120.0,6.0,23.0,Digital Wallet,5.0
2023-01-11,56-65,MI,Male,Low,Organic,Electronics,Laptops,Dell,XPS,1559.0,1300.0,1.0,0.64,1559.0,15.0,244.0,Debit Card,4.0
2023-01-11,26-35,MI,Other,Middle,Organic,Clothing,Jeans,Wrangler,Authentics,49.0,30.0,1.0,1.43,49.0,9.0,10.0,BNPL,4.0
2023-01-11,46-55,NC,Female,High,App,Home,Beds,Tempur-Pedic,Cloud Supreme,2107.0,1800.0,2.0,0.67,4214.0,33.0,582.0,Digital Wallet,5.0
2023-01-11,36-45,OH,Female,Middle,Organic,Electronics,Laptops,Apple Laptop,MacBook Pro M3,1743.0,1500.0,1.0,1.54,1743.0,13.0,230.0,BNPL,5.0
2023-01-11,26-35,OH,Other,High,Email,Clothing,Jeans,Wrangler,Regular Fit,58.0,35.0,3.0,1.61,173.0,10.0,59.0,Debit Card,4.0
2023-01-11,66+,CA,Female,High,PPC,Clothing,Jeans,Levis,Bootcut,108.0,100.0,3.0,0.92,324.0,7.0,17.0,BNPL,5.0
2023-01-11,18-25,OH,Female,Middle,Organic,Electronics,Smartphones,Samsung,Galaxy A32,332.0,250.0,3.0,1.11,997.0,20.0,227.0,Credit Card,5.0
2023-01-11,36-45,IL,Male,Middle,PPC,Electronics,Smartphones,Apple,iPhone 14,989.0,700.0,1.0,1.86,989.0,12.0,277.0,Credit Card,5.0
2023-01-11,36-45,MI,Other,Middle,App,Electronics,Laptops,Apple Laptop,MacBook Air M2,1253.0,1000.0,15.0,0.74,18801.0,127.0,3673.0,Debit Card,11.0
2023-01-11,18-25,CA,Female,Middle,PPC,Electronics,Smartphones,Samsung,Galaxy A32,348.0,250.0,1.0,1.63,348.0,8.0,91.0,Digital Wallet,4.0
2023-01-11,66+,CA,Male,Low,Email,Clothing,T-Shirts,Nike,Dry-FIT,31.0,20.0,4.0,1.39,123.0,8.0,35.0,Credit Card,4.0
2023-01-11,26-35,TX,Female,Low,App,Beauty,Skincare,Neutrogena,Hydro Boost Gel,26.0,20.0,2.0,1.96,51.0,6.0,5.0,Debit Card,3.0
2023-01-11,36-45,MI,Female,Middle,App,Beauty,Skincare,Neutrogena,Rapid Wrinkle Repair,29.0,20.0,2.0,0.94,57.0,9.0,9.0,Credit Card,5.0
2023-01-11,26-35,FL,Female,High,App,Home,Beds,Tempur-Pedic,Cloud Supreme,2174.0,1800.0,2.0,0.75,4348.0,30.0,718.0,Digital Wallet,5.0
2023-01-11,56-65,MI,Male,Low,Organic,Clothing,T-Shirts,Nike,Sportswear,41.0,25.0,3.0,1.31,122.0,11.0,36.0,Credit Card,6.0
2023-01-11,56-65,PA,Female,Middle,Others,Electronics,Smartphones,Apple,iPhone 14,1012.0,700.0,2.0,1.07,2024.0,16.0,608.0,Credit Card,9.0
2023-01-11,26-35,OH,Male,Middle,Organic,Electronics,Smartphones,Apple,iPhone 15,1113.0,800.0,1.0,0.51,1113.0,10.0,303.0,Debit Card,2.0
2023-01-11,46-55,FL,Female,Low,Affiliates,Electronics,Laptops,HP,Envy,979.0,700.0,1.0,0.57,979.0,14.0,265.0,Credit Card,6.0
2023-01-11,46-55,CA,Male,Middle,App,Clothing,T-Shirts,Nike,Dry-FIT,38.0,20.0,1.0,0.92,38.0,4.0,14.0,Credit Card,3.0
2023-01-11,36-45,CA,Male,High,Others,Clothing,Jeans,Levis,Bootcut,120.0,100.0,1.0,1.32,120.0,4.0,16.0,Credit Card,2.0
2023-01-11,56-65,TX,Other,Middle,Organic,Electronics,Laptops,Apple Laptop,MacBook Pro M3,1811.0,1500.0,2.0,1.31,3622.0,21.0,602.0,Digital Wallet,5.0
2023-01-11,36-45,NY,Other,Middle,Affiliates,Clothing,Jeans,Wrangler,Authentics,52.0,30.0,1.0,1.82,52.0,9.0,12.0,Digital Wallet,4.0
2023-01-11,56-65,FL,Female,Middle,Affiliates,Home,Furniture,IKEA,Billy Bookcase,202.0,100.0,2.0,0.84,403.0,26.0,177.0,Digital Wallet,2.0
2023-01-11,26-35,IL,Female,Middle,Others,Home,Furniture,Ashley Furniture,Sofa,441.0,300.0,11.0,0.57,4855.0,117.0,1438.0,Digital Wallet,11.0
2023-01-11,46-55,FL,Male,Low,Email,Electronics,Smartphones,Samsung,Galaxy S21,691.0,500.0,1.0,0.57,691.0,11.0,180.0,Digital Wallet,3.0
2023-01-11,46-55,MI,Other,Low,Email,Clothing,Jeans,Wrangler,Authentics,49.0,30.0,2.0,0.83,99.0,10.0,29.0,Debit Card,4.0
2023-01-11,66+,NY,Male,Low,Organic,Home,Furniture,IKEA,Kallax Shelf,86.0,60.0,2.0,1.87,172.0,28.0,24.0,Digital Wallet,4.0
2023-01-11,46-55,CA,Female,Low,Others,Beauty,Makeup,Maybelline,Lash Sensational Mascara,15.0,10.0,3.0,1.26,45.0,5.0,10.0,Digital Wallet,3.0
2023-01-11,26-35,GA,Female,High,Affiliates,Clothing,Jeans,Levis,501 Original,83.0,60.0,2.0,0.99,165.0,7.0,38.0,Digital Wallet,4.0
2023-01-11,36-45,NC,Male,Middle,App,Beauty,Makeup,Revlon,PhotoReady Concealer,21.0,12.0,4.0,0.52,83.0,11.0,23.0,Digital Wallet,6.0
2023-01-11,46-55,CA,Male,Low,Affiliates,Electronics,Smartphones,Samsung,Galaxy S21,646.0,500.0,2.0,1.48,1291.0,13.0,279.0,BNPL,3.0
2023-01-11,26-35,TX,Female,Low,App,Beauty,Makeup,Maybelline,Fit Me Foundation,19.0,15.0,1.0,1.52,19.0,5.0,-2.0,Digital Wallet,3.0
2023-01-11,26-35,CA,Other,Low,Affiliates,Clothing,T-Shirts,Adidas,Essentials,45.0,35.0,4.0,0.97,179.0,8.0,32.0,Digital Wallet,4.0
2023-01-11,26-35,IL,Male,Middle,Affiliates,Clothing,Jeans,Wrangler,Regular Fit,61.0,35.0,1.0,1.78,61.0,8.0,17.0,Credit Card,3.0
2023-01-11,46-55,FL,Other,Low,Organic,Beauty,Makeup,Revlon,ColorStay Lipstick,23.0,15.0,1.0,1.35,23.0,6.0,2.0,BNPL,4.0
2023-01-11,36-45,TX,Male,Low,Others,Beauty,Makeup,Revlon,ColorStay Lipstick,20.0,15.0,2.0,0.96,39.0,6.0,3.0,Debit Card,5.0
2023-01-11,26-35,IL,Male,Middle,PPC,Clothing,T-Shirts,Nike,Dry-FIT,31.0,20.0,2.0,1.81,61.0,9.0,12.0,Credit Card,5.0
2023-01-11,26-35,FL,Male,Low,Email,Beauty,Makeup,Revlon,ColorStay Lipstick,16.0,15.0,5.0,1.69,78.0,9.0,-6.0,Credit Card,7.0
2023-01-11,18-25,PA,Male,High,Email,Electronics,Laptops,Dell,XPS,1599.0,1300.0,1.0,0.99,1599.0,14.0,285.0,Credit Card,3.0
2023-01-11,26-35,TX,Other,Middle,Affiliates,Home,Furniture,IKEA,Billy Bookcase,180.0,100.0,2.0,1.51,361.0,25.0,136.0,Digital Wallet,4.0
2023-01-11,46-55,PA,Female,Middle,Email,Home,Furniture,IKEA,Billy Bookcase,147.0,100.0,1.0,0.87,147.0,16.0,31.0,Credit Card,5.0
2023-01-11,36-45,NY,Female,Middle,Others,Home,Beds,Tempur-Pedic,Cloud Supreme,2082.0,1800.0,2.0,0.98,4164.0,32.0,532.0,Digital Wallet,6.0
2023-01-11,56-65,CA,Female,Middle,Others,Clothing,Jeans,Levis,Slim Fit,74.0,50.0,1.0,0.81,74.0,4.0,20.0,BNPL,3.0
2023-01-11,56-65,NC,Male,Middle,App,Home,Furniture,IKEA,Billy Bookcase,141.0,100.0,1.0,0.71,141.0,19.0,22.0,Digital Wallet,7.0
2023-01-11,26-35,FL,Male,Middle,Affiliates,Beauty,Skincare,Neutrogena,Rapid Wrinkle Repair,31.0,20.0,4.0,1.65,123.0,9.0,35.0,Digital Wallet,4.0
2023-01-11,26-35,TX,Female,Middle,App,Clothing,Jeans,Levis,501 Original,87.0,60.0,3.0,1.61,260.0,9.0,71.0,Credit Card,5.0
2023-01-11,46-55,OH,Male,Middle,Others,Clothing,T-Shirts,Nike,Sportswear,40.0,25.0,2.0,0.92,81.0,8.0,23.0,BNPL,5.0
2023-01-11,26-35,TX,Female,Middle,Affiliates,Clothing,T-Shirts,Nike,Pro,51.0,30.0,4.0,1.59,204.0,10.0,75.0,BNPL,4.0
2023-01-11,36-45,FL,Female,Middle,App,Clothing,Jeans,Levis,501 Original,87.0,60.0,3.0,1.18,261.0,10.0,70.0,Credit Card,4.0
2023-01-11,46-55,CA,Female,Low,Affiliates,Clothing,Jeans,Wrangler,Authentics,48.0,30.0,3.0,1.83,144.0,7.0,46.0,Credit Card,4.0
2023-01-11,56-65,PA,Male,Middle,PPC,Beauty,Makeup,Maybelline,Lash Sensational Mascara,14.0,10.0,4.0,1.5,56.0,9.0,8.0,Debit Card,5.0
2023-01-11,46-55,CA,Male,Middle,Organic,Clothing,Jeans,Levis,501 Original,89.0,60.0,2.0,1.25,179.0,6.0,53.0,Credit Card,3.0
2023-01-11,46-55,TX,Male,Middle,Organic,Clothing,T-Shirts,Nike,Dry-FIT,28.0,20.0,5.0,1.25,138.0,11.0,27.0,Credit Card,5.0
2023-01-11,18-25,OH,Male,Middle,App,Beauty,Skincare,Neutrogena,Oil-Free Acne Wash,20.0,15.0,2.0,0.8,41.0,7.0,4.0,Debit Card,4.0
2023-01-11,26-35,NY,Male,Low,Others,Electronics,Smartphones,Samsung,Galaxy Z Fold 5,1798.0,1500.0,3.0,1.9,5394.0,23.0,871.0,Digital Wallet,6.0
2023-01-11,46-55,PA,Male,Middle,Organic,Beauty,Makeup,Maybelline,Lash Sensational Mascara,15.0,10.0,1.0,1.19,15.0,7.0,-2.0,Debit Card,3.0
2023-01-11,56-65,MI,Male,High,App,Electronics,Laptops,HP,Envy,1005.0,700.0,1.0,0.51,1005.0,15.0,289.0,Digital Wallet,4.0
2023-01-11,56-65,CA,Male,Middle,Others,Home,Beds,Tempur-Pedic,Contour Elite,1951.0,1700.0,2.0,0.97,3903.0,27.0,476.0,Digital Wallet,10.0
2023-01-11,36-45,IL,Other,Middle,Affiliates,Electronics,Smartphones,Apple,iPhone SE,630.0,400.0,3.0,1.07,1890.0,22.0,668.0,Digital Wallet,5.0
2023-01-11,46-55,GA,Male,Middle,App,Electronics,Laptops,HP,Envy,1071.0,700.0,1.0,0.9,1071.0,12.0,359.0,Credit Card,4.0
2023-01-11,26-35,CA,Male,Middle,Organic,Electronics,Laptops,Apple Laptop,MacBook Pro M2,1267.0,1200.0,1.0,1.29,1267.0,11.0,56.0,Credit Card,3.0
2023-01-11,26-35,NY,Female,Middle,Email,Home,Beds,Serta,Perfect Sleeper,935.0,750.0,1.0,0.98,935.0,20.0,165.0,Debit Card,10.0
2023-01-11,46-55,CA,Male,Middle,Organic,Electronics,Laptops,Dell,XPS,1568.0,1300.0,1.0,1.17,1568.0,11.0,257.0,Credit Card,4.0
2023-01-11,56-65,TX,Other,Middle,Email,Home,Beds,Serta,Perfect Sleeper,911.0,750.0,1.0,1.42,911.0,17.0,144.0,Digital Wallet,8.0
2023-01-11,18-25,CA,Female,Middle,Organic,Clothing,Jeans,Wrangler,Regular Fit,61.0,35.0,3.0,1.6,183.0,7.0,71.0,Debit Card,3.0
2023-01-11,56-65,OH,Other,Middle,Organic,Electronics,Smartphones,Apple,iPhone 15,1067.0,800.0,1.0,1.09,1067.0,10.0,256.0,Credit Card,3.0
2023-01-11,18-25,CA,Male,Middle,Affiliates,Clothing,T-Shirts,Adidas,Performance,62.0,45.0,2.0,1.7,124.0,5.0,29.0,Credit Card,3.0
2023-01-11,18-25,CA,Male,Middle,Organic,Home,Beds,Serta,iComfort,2333.0,1900.0,2.0,1.76,4666.0,27.0,839.0,Digital Wallet,5.0
2023-01-11,56-65,CA,Male,Low,Affiliates,Clothing,Jeans,Levis,Bootcut,123.0,100.0,2.0,0.82,247.0,6.0,41.0,Digital Wallet,3.0
2023-01-11,56-65,FL,Male,Low,Email,Home,Furniture,IKEA,Billy Bookcase,173.0,100.0,2.0,1.62,345.0,26.0,120.0,Digital Wallet,5.0
2023-01-11,18-25,FL,Male,High,Organic,Clothing,Jeans,Wrangler,Regular Fit,63.0,35.0,3.0,0.88,190.0,10.0,75.0,Credit Card,5.0
2023-01-11,46-55,OH,Male,High,Organic,Beauty,Makeup,Maybelline,Lash Sensational Mascara,13.0,10.0,5.0,0.94,65.0,8.0,7.0,Debit Card,5.0
2023-01-11,56-65,OH,Female,Middle,Email,Clothing,T-Shirts,Nike,Sportswear,38.0,25.0,5.0,0.98,192.0,11.0,56.0,Debit Card,8.0
2023-01-11,56-65,MI,Other,Low,Others,Beauty,Skincare,Neutrogena,Hydro Boost Gel,19.0,20.0,1.0,0.83,19.0,8.0,-9.0,Credit Card,4.0
2023-01-11,26-35,OH,Male,Middle,Organic,Electronics,Laptops,Apple Laptop,MacBook Air M2,1336.0,1000.0,2.0,0.98,2672.0,21.0,651.0,Credit Card,5.0
2023-01-11,46-55,TX,Other,Middle,App,Electronics,Laptops,HP,Pavilion,750.0,600.0,2.0,0.61,1501.0,21.0,280.0,Debit Card,4.0
2023-01-11,36-45,FL,Female,Middle,Organic,Home,Furniture,IKEA,Billy Bookcase,112.0,100.0,1.0,1.74,112.0,16.0,-4.0,Credit Card,6.0
2023-01-11,56-65,FL,Female,Low,App,Electronics,Smartphones,Apple,iPhone SE,618.0,400.0,2.0,0.56,1236.0,16.0,420.0,BNPL,4.0
2023-01-11,26-35,GA,Other,Middle,App,Beauty,Makeup,Maybelline,Fit Me Foundation,17.0,15.0,1.0,1.85,17.0,4.0,-3.0,Credit Card,4.0
2023-01-11,56-65,NY,Other,Middle,Others,Home,Furniture,Ashley Furniture,Sofa,410.0,300.0,2.0,1.17,820.0,28.0,192.0,Digital Wallet,7.0
2023-01-11,18-25,GA,Male,Low,Others,Beauty,Makeup,Maybelline,Fit Me Foundation,19.0,15.0,1.0,0.51,19.0,4.0,-0.0,Digital Wallet,5.0
2023-01-11,18-25,NY,Female,Middle,Affiliates,Home,Furniture,IKEA,Kallax Shelf,90.0,60.0,1.0,1.89,90.0,18.0,12.0,Digital Wallet,4.0
2023-01-11,26-35,GA,Other,Middle,Others,Clothing,Jeans,Levis,Bootcut,121.0,100.0,1.0,1.02,121.0,5.0,16.0,Digital Wallet,3.0
2023-01-11,36-45,GA,Female,Middle,Organic,Home,Furniture,Ashley Furniture,Dining Table,360.0,200.0,1.0,1.01,360.0,14.0,146.0,Digital Wallet,5.0
2023-01-11,46-55,CA,Male,Low,App,Clothing,T-Shirts,Nike,Dry-FIT,33.0,20.0,1.0,1.11,33.0,4.0,9.0,Digital Wallet,4.0
2023-01-11,26-35,TX,Female,Low,PPC,Beauty,Makeup,Maybelline,Fit Me Foundation,17.0,15.0,4.0,1.28,69.0,7.0,2.0,Credit Card,9.0
2023-01-11,46-55,MI,Other,Middle,Email,Electronics,Smartphones,Samsung,Galaxy A32,314.0,250.0,3.0,0.5,941.0,22.0,168.0,Debit Card,6.0
2023-01-11,46-55,NC,Female,Middle,App,Home,Furniture,Ashley Furniture,Bed Frame,254.0,100.0,1.0,0.57,254.0,19.0,135.0,Debit Card,7.0
2023-01-11,18-25,FL,Female,Middle,App,Beauty,Makeup,Maybelline,Fit Me Foundation,26.0,15.0,4.0,1.17,103.0,8.0,35.0,BNPL,4.0
2023-01-11,26-35,PA,Female,High,Organic,Beauty,Makeup,Revlon,ColorStay Lipstick,18.0,15.0,1.0,1.0,18.0,7.0,-4.0,Credit Card,3.0
2023-01-11,18-25,IL,Female,Middle,Organic,Electronics,Smartphones,Apple,iPhone 15,1100.0,800.0,3.0,1.88,3300.0,22.0,879.0,Credit Card,6.0
2023-01-11,26-35,IL,Male,High,PPC,Home,Furniture,IKEA,Billy Bookcase,166.0,100.0,2.0,1.7,332.0,27.0,105.0,Credit Card,5.0
2023-01-11,66+,NY,Female,Middle,Organic,Electronics,Laptops,Apple Laptop,MacBook Pro M3,1765.0,1500.0,1.0,1.54,1765.0,16.0,249.0,Credit Card,4.0
2023-01-11,18-25,NY,Other,Middle,Email,Home,Furniture,Ashley Furniture,Bed Frame,256.0,100.0,1.0,0.62,256.0,18.0,138.0,Debit Card,5.0
2023-01-11,26-35,IL,Male,Low,PPC,Clothing,Jeans,Levis,Slim Fit,71.0,50.0,1.0,1.68,71.0,8.0,12.0,Credit Card,6.0
2023-01-11,36-45,IL,Female,High,Email,Beauty,Makeup,Maybelline,Lash Sensational Mascara,15.0,10.0,6.0,0.84,91.0,10.0,20.0,Debit Card,13.0
2023-01-11,18-25,MI,Male,Middle,Organic,Electronics,Laptops,Apple Laptop,MacBook Air M2,1315.0,1000.0,1.0,0.52,1315.0,15.0,300.0,Credit Card,4.0
2023-01-11,36-45,NY,Female,Middle,Affiliates,Home,Furniture,Ashley Furniture,Sofa,455.0,300.0,1.0,1.04,455.0,18.0,137.0,Credit Card,4.0
2023-01-11,18-25,FL,Female,Middle,Email,Electronics,Smartphones,Apple,iPhone SE,580.0,400.0,3.0,1.35,1741.0,21.0,521.0,Digital Wallet,5.0
2023-01-11,18-25,CA,Other,Low,App,Clothing,Jeans,Wrangler,Authentics,52.0,30.0,2.0,0.81,105.0,6.0,39.0,Digital Wallet,2.0
2023-01-11,26-35,CA,Female,Low,Others,Clothing,Jeans,Levis,501 Original,78.0,60.0,1.0,1.7,78.0,4.0,14.0,Digital Wallet,2.0
2023-01-11,26-35,MI,Other,Low,App,Electronics,Smartphones,Apple,iPhone 15,1133.0,800.0,1.0,1.06,1133.0,12.0,321.0,Debit Card,4.0
2023-01-11,56-65,CA,Female,Low,Affiliates,Home,Furniture,Ashley Furniture,Sofa,461.0,300.0,2.0,1.06,921.0,23.0,298.0,Credit Card,5.0
2023-01-11,26-35,CA,Male,Middle,PPC,Home,Furniture,IKEA,Kallax Shelf,79.0,60.0,1.0,1.91,79.0,13.0,6.0,Digital Wallet,3.0
2023-01-11,56-65,PA,Male,Low,Email,Clothing,Jeans,Levis,501 Original,79.0,60.0,2.0,1.57,158.0,9.0,29.0,Debit Card,5.0
2023-01-11,26-35,PA,Female,Low,App,Clothing,Jeans,Wrangler,Authentics,54.0,30.0,2.0,0.82,109.0,9.0,40.0,Digital Wallet,11.0
2023-01-11,26-35,NY,Male,Low,Organic,Clothing,Jeans,Wrangler,Regular Fit,59.0,35.0,2.0,0.99,118.0,11.0,37.0,Digital Wallet,5.0
2023-01-11,56-65,FL,Other,Middle,Affiliates,Home,Furniture,IKEA,Billy Bookcase,137.0,100.0,1.0,1.18,137.0,16.0,21.0,Debit Card,5.0
2023-01-11,26-35,GA,Other,Low,Affiliates,Beauty,Makeup,Revlon,ColorStay Lipstick,18.0,15.0,4.0,0.62,72.0,6.0,6.0,Credit Card,6.0
2023-01-11,26-35,OH,Male,Middle,App,Electronics,Smartphones,Apple,iPhone 14,1008.0,700.0,2.0,0.85,2017.0,15.0,602.0,Debit Card,5.0
2023-01-11,36-45,OH,Other,Low,PPC,Clothing,T-Shirts,Adidas,Performance,73.0,45.0,3.0,1.26,220.0,9.0,76.0,Credit Card,6.0
2023-01-11,26-35,PA,Other,Low,Others,Clothing,Jeans,Wrangler,Authentics,49.0,30.0,2.0,0.93,99.0,9.0,29.0,Debit Card,5.0
2023-01-11,36-45,MI,Female,Middle,Organic,Clothing,Jeans,Wrangler,Authentics,44.0,30.0,1.0,1.8,44.0,9.0,6.0,Credit Card,4.0
2023-01-11,18-25,OH,Male,High,App,Clothing,T-Shirts,Adidas,Performance,76.0,45.0,2.0,1.96,152.0,8.0,55.0,BNPL,4.0
2023-01-11,26-35,NY,Other,Middle,Others,Beauty,Skincare,Neutrogena,Rapid Wrinkle Repair,35.0,20.0,4.0,1.95,139.0,11.0,48.0,Digital Wallet,5.0
2023-01-11,18-25,GA,Male,Middle,Affiliates,Clothing,Jeans,Levis,501 Original,83.0,60.0,1.0,0.69,83.0,5.0,17.0,Debit Card,5.0
2023-01-11,36-45,IL,Female,Middle,Organic,Home,Furniture,IKEA,Kallax Shelf,64.0,60.0,12.0,0.68,767.0,127.0,-80.0,BNPL,11.0
2023-01-11,36-45,TX,Female,Middle,Email,Electronics,Laptops,Apple Laptop,MacBook Pro M3,1818.0,1500.0,1.0,1.3,1818.0,13.0,305.0,Digital Wallet,5.0
2023-01-11,46-55,PA,Female,Middle,App,Home,Furniture,IKEA,Billy Bookcase,137.0,100.0,2.0,0.92,275.0,26.0,48.0,Debit Card,6.0
2023-01-11,36-45,NY,Male,High,Organic,Clothing,Jeans,Wrangler,Authentics,52.0,30.0,1.0,1.25,52.0,9.0,13.0,Credit Card,4.0
2023-01-11,26-35,GA,Other,High,App,Clothing,Jeans,Wrangler,Regular Fit,60.0,35.0,1.0,1.34,60.0,5.0,20.0,Digital Wallet,5.0
2023-01-11,56-65,TX,Female,Middle,Email,Beauty,Makeup,Maybelline,Lash Sensational Mascara,14.0,10.0,1.0,1.85,14.0,5.0,-2.0,Debit Card,4.0
2023-01-11,46-55,NC,Male,High,Organic,Beauty,Skincare,Neutrogena,Rapid Wrinkle Repair,32.0,20.0,2.0,1.15,64.0,10.0,13.0,Digital Wallet,5.0
2023-01-11,46-55,PA,Other,Low,Organic,Clothing,T-Shirts,Nike,Dry-FIT,38.0,20.0,5.0,1.95,188.0,12.0,76.0,BNPL,7.0
2023-01-11,18-25,IL,Female,Middle,Organic,Clothing,T-Shirts,Adidas,Essentials,48.0,35.0,1.0,1.48,48.0,8.0,5.0,Digital Wallet,4.0
2023-01-11,18-25,TX,Female,Low,Affiliates,Beauty,Makeup,Maybelline,Fit Me Foundation,21.0,15.0,5.0,1.37,103.0,8.0,20.0,Digital Wallet,5.0
2023-01-11,26-35,FL,Male,Low,PPC,Home,Furniture,IKEA,Billy Bookcase,106.0,100.0,2.0,1.54,213.0,26.0,-13.0,Debit Card,17.0
2023-01-11,18-25,NY,Female,Middle,Email,Clothing,Jeans,Wrangler,Authentics,50.0,30.0,1.0,0.82,50.0,9.0,11.0,Credit Card,4.0
2023-01-11,26-35,GA,Other,High,Organic,Clothing,T-Shirts,Adidas,Performance,71.0,45.0,2.0,1.6,142.0,6.0,46.0,BNPL,4.0
2023-01-11,36-45,NC,Female,Middle,Organic,Beauty,Makeup,Maybelline,Fit Me Foundation,18.0,15.0,5.0,1.33,90.0,12.0,3.0,Debit Card,6.0
2023-01-11,18-25,PA,Female,Middle,Email,Clothing,T-Shirts,Nike,Dry-FIT,40.0,20.0,1.0,1.72,40.0,8.0,12.0,Digital Wallet,5.0
2023-01-11,18-25,OH,Male,Middle,PPC,Beauty,Makeup,Maybelline,Fit Me Foundation,22.0,15.0,1.0,1.28,22.0,6.0,1.0,BNPL,3.0
2023-01-11,18-25,PA,Male,Low,Affiliates,Beauty,Makeup,Maybelline,Fit Me Foundation,21.0,15.0,6.0,1.6,129.0,10.0,29.0,BNPL,6.0
2023-01-11,36-45,OH,Male,Middle,Organic,Electronics,Laptops,HP,Pavilion,873.0,600.0,2.0,1.2,1747.0,21.0,526.0,BNPL,4.0
2023-01-11,66+,IL,Female,Low,App,Electronics,Smartphones,Apple,iPhone 14,960.0,700.0,3.0,0.59,2881.0,22.0,759.0,Credit Card,4.0
2023-01-11,26-35,GA,Female,Middle,Affiliates,Clothing,T-Shirts,Adidas,Performance,67.0,45.0,1.0,2.0,67.0,5.0,17.0,Digital Wallet,3.0
2023-01-11,36-45,NY,Female,High,Others,Clothing,T-Shirts,Nike,Dry-FIT,30.0,20.0,5.0,0.84,152.0,14.0,38.0,Digital Wallet,3.0
2023-01-11,26-35,CA,Female,Middle,Organic,Clothing,T-Shirts,Nike,Dry-FIT,37.0,20.0,5.0,0.72,184.0,9.0,76.0,Credit Card,4.0
2023-01-11,26-35,IL,Female,Middle,Affiliates,Electronics,Smartphones,Apple,iPhone 14,946.0,700.0,3.0,1.93,2837.0,22.0,715.0,Credit Card,5.0
2023-01-11,66+,PA,Female,High,Email,Electronics,Smartphones,Apple,iPhone SE,589.0,400.0,2.0,1.88,1178.0,16.0,361.0,BNPL,5.0
2023-01-11,26-35,PA,Male,Middle,Organic,Clothing,Jeans,Wrangler,Authentics,47.0,30.0,3.0,0.89,140.0,11.0,39.0,Debit Card,5.0
2023-01-11,56-65,FL,Male,Middle,Email,Beauty,Makeup,Revlon,PhotoReady Concealer,15.0,12.0,4.0,1.12,60.0,8.0,4.0,Debit Card,4.0
2023-01-11,36-45,TX,Male,Middle,Organic,Beauty,Makeup,Maybelline,Lash Sensational Mascara,15.0,10.0,4.0,0.68,62.0,7.0,14.0,Credit Card,6.0
2023-01-11,36-45,TX,Female,High,Organic,Electronics,Smartphones,Apple,iPhone 14,1018.0,700.0,3.0,0.98,3053.0,20.0,933.0,Credit Card,6.0
2023-01-11,26-35,GA,Other,Low,App,Clothing,Jeans,Levis,Slim Fit,73.0,50.0,2.0,1.96,146.0,7.0,40.0,Digital Wallet,3.0
2023-01-11,26-35,MI,Female,High,App,Electronics,Laptops,HP,Pavilion,782.0,600.0,2.0,1.22,1564.0,23.0,341.0,Debit Card,4.0
2023-01-11,36-45,OH,Male,Middle,App,Clothing,T-Shirts,Nike,Sportswear,40.0,25.0,1.0,1.49,40.0,7.0,9.0,Debit Card,3.0
2023-01-11,46-55,IL,Other,Low,Email,Clothing,Jeans,Levis,Bootcut,128.0,100.0,1.0,1.14,128.0,8.0,20.0,Digital Wallet,3.0
2023-01-11,56-65,MI,Female,Middle,Organic,Home,Furniture,IKEA,Kallax Shelf,63.0,60.0,2.0,0.93,125.0,27.0,-22.0,BNPL,7.0
2023-01-11,66+,MI,Male,Middle,Affiliates,Clothing,Jeans,Levis,Slim Fit,69.0,50.0,1.0,1.07,69.0,9.0,10.0,Credit Card,4.0
2023-01-11,26-35,CA,Male,High,App,Electronics,Smartphones,Apple,iPhone 14,959.0,700.0,1.0,0.87,959.0,8.0,251.0,Debit Card,3.0
2023-01-11,66+,CA,Male,Middle,App,Beauty,Makeup,Revlon,PhotoReady Concealer,19.0,12.0,5.0,1.73,96.0,6.0,31.0,Digital Wallet,4.0
2023-01-11,46-55,FL,Male,Low,Affiliates,Home,Beds,Tempur-Pedic,Contour Elite,2019.0,1700.0,1.0,1.63,2019.0,18.0,301.0,BNPL,5.0
2023-01-11,56-65,TX,Female,Middle,PPC,Clothing,Jeans,Wrangler,Regular Fit,65.0,35.0,1.0,1.47,65.0,6.0,24.0,Digital Wallet,4.0
2023-01-11,18-25,FL,Male,Low,Affiliates,Beauty,Makeup,Maybelline,Lash Sensational Mascara,17.0,10.0,3.0,1.71,51.0,8.0,14.0,Digital Wallet,4.0
2023-01-11,36-45,FL,Female,Middle,Organic,Electronics,Smartphones,Samsung,Galaxy S21,856.0,500.0,3.0,1.07,2569.0,21.0,1048.0,Digital Wallet,9.0
2023-01-11,46-55,TX,Female,Low,Organic,Beauty,Skincare,Neutrogena,Oil-Free Acne Wash,19.0,15.0,1.0,1.69,19.0,6.0,-2.0,Credit Card,4.0
2023-01-11,56-65,CA,Female,Low,Email,Home,Furniture,IKEA,Billy Bookcase,150.0,100.0,1.0,0.99,150.0,13.0,37.0,Credit Card,4.0
2023-01-11,56-65,CA,Female,Low,Email,Clothing,T-Shirts,Adidas,Performance,65.0,45.0,2.0,1.47,129.0,5.0,34.0,Digital Wallet,2.0
2023-01-11,36-45,MI,Female,Middle,Organic,Clothing,Jeans,Levis,501 Original,79.0,60.0,1.0,1.7,79.0,9.0,10.0,Credit Card,4.0
2023-01-11,36-45,TX,Female,Low,App,Home,Beds,Tempur-Pedic,Cloud Supreme,2038.0,1800.0,1.0,1.83,2038.0,17.0,221.0,Digital Wallet,5.0
2023-01-11,26-35,NC,Female,Low,Affiliates,Electronics,Laptops,Apple Laptop,MacBook Air M2,1131.0,1000.0,2.0,1.49,2262.0,25.0,237.0,Debit Card,6.0
2023-01-11,46-55,NY,Female,Middle,Email,Home,Beds,Tempur-Pedic,Contour Elite,2094.0,1700.0,2.0,0.7,4188.0,32.0,756.0,Debit Card,5.0
2023-01-11,36-45,NY,Male,High,Affiliates,Electronics,Laptops,Dell,XPS,1523.0,1300.0,2.0,1.63,3047.0,24.0,423.0,Debit Card,5.0
2023-01-11,36-45,NC,Other,Middle,Affiliates,Electronics,Smartphones,Apple,iPhone 14,1027.0,700.0,2.0,1.65,2054.0,19.0,636.0,Debit Card,5.0
2023-01-11,26-35,TX,Other,High,Organic,Clothing,T-Shirts,Adidas,Performance,53.0,45.0,5.0,1.0,263.0,11.0,27.0,Digital Wallet,5.0
2023-01-11,26-35,NY,Male,Low,Email,Home,Beds,Tempur-Pedic,Cloud Supreme,2095.0,1800.0,1.0,1.62,2095.0,20.0,275.0,BNPL,6.0
2023-01-11,66+,OH,Male,Middle,App,Electronics,Smartphones,Apple,iPhone SE,601.0,400.0,2.0,0.83,1202.0,15.0,387.0,Credit Card,4.0
2023-01-11,66+,NY,Female,Middle,Email,Beauty,Makeup,Maybelline,Lash Sensational Mascara,14.0,10.0,2.0,0.64,28.0,9.0,-1.0,Digital Wallet,4.0
2023-01-11,18-25,MI,Other,Middle,Others,Electronics,Smartphones,Apple,iPhone 15,1137.0,800.0,1.0,1.8,1137.0,12.0,325.0,Credit Card,3.0
2023-01-11,46-55,TX,Other,Low,App,Electronics,Smartphones,Apple,iPhone 14,1017.0,700.0,3.0,1.76,3050.0,20.0,930.0,Debit Card,4.0
2023-01-11,46-55,NY,Male,Middle,App,Beauty,Skincare,Neutrogena,Oil-Free Acne Wash,20.0,15.0,3.0,1.14,60.0,10.0,5.0,Credit Card,5.0
2023-01-11,36-45,TX,Female,Low,Email,Clothing,Jeans,Wrangler,Regular Fit,63.0,35.0,3.0,1.77,190.0,9.0,76.0,Credit Card,8.0
2023-01-11,36-45,PA,Female,Middle,App,Clothing,T-Shirts,Nike,Pro,43.0,30.0,4.0,1.96,174.0,11.0,43.0,Digital Wallet,4.0
2023-01-11,66+,TX,Female,Middle,Affiliates,Clothing,Jeans,Wrangler,Authentics,51.0,30.0,2.0,0.82,103.0,8.0,35.0,Credit Card,2.0
2023-01-11,56-65,FL,Female,Middle,PPC,Electronics,Laptops,Apple Laptop,MacBook Air M2,1274.0,1000.0,2.0,1.44,2549.0,22.0,527.0,Debit Card,4.0
2023-01-11,26-35,TX,Female,High,PPC,Home,Furniture,IKEA,Billy Bookcase,137.0,100.0,2.0,1.05,273.0,25.0,49.0,Credit Card,6.0
2023-01-11,26-35,NC,Male,Low,Others,Beauty,Makeup,Revlon,ColorStay Lipstick,19.0,15.0,6.0,0.71,116.0,12.0,14.0,Credit Card,6.0
2023-01-11,26-35,CA,Other,High,Others,Electronics,Laptops,Dell,XPS,1639.0,1300.0,1.0,0.64,1639.0,11.0,329.0,Credit Card,4.0
2023-01-11,36-45,CA,Male,Low,Affiliates,Electronics,Laptops,Dell,XPS,1542.0,1300.0,1.0,1.92,1542.0,11.0,231.0,Credit Card,3.0
2023-01-11,46-55,FL,Female,Middle,Organic,Clothing,Jeans,Levis,Bootcut,117.0,100.0,2.0,1.6,233.0,9.0,24.0,Digital Wallet,5.0
2023-01-11,36-45,CA,Male,Middle,Organic,Home,Beds,Tempur-Pedic,Contour Elite,1957.0,1700.0,1.0,0.75,1957.0,15.0,243.0,Debit Card,7.0
2023-01-11,26-35,IL,Other,Middle,Others,Electronics,Smartphones,Apple,iPhone 15,1102.0,800.0,2.0,1.59,2203.0,17.0,587.0,Debit Card,5.0
2023-01-11,56-65,NY,Other,High,App,Electronics,Smartphones,Apple,iPhone 15,1038.0,800.0,3.0,1.92,3113.0,23.0,690.0,Debit Card,5.0
2023-01-11,36-45,CA,Male,Middle,Others,Electronics,Smartphones,Apple,iPhone 15,1135.0,800.0,2.0,0.69,2270.0,13.0,657.0,Debit Card,3.0
2023-01-11,66+,OH,Male,High,Others,Home,Beds,Tempur-Pedic,Cloud Supreme,2078.0,1800.0,2.0,1.11,4157.0,29.0,527.0,Digital Wallet,5.0
2023-01-11,18-25,NC,Other,Middle,App,Clothing,Jeans,Levis,Slim Fit,68.0,50.0,3.0,1.56,203.0,13.0,40.0,Debit Card,5.0
2023-01-11,26-35,NY,Female,Low,Organic,Electronics,Smartphones,Samsung,Galaxy Z Fold 5,1786.0,1500.0,2.0,1.43,3573.0,18.0,555.0,Digital Wallet,4.0
2023-01-11,26-35,TX,Female,Middle,App,Electronics,Smartphones,Samsung,Galaxy S21,771.0,500.0,2.0,2.0,1541.0,15.0,526.0,Credit Card,4.0
2023-01-11,66+,IL,Female,High,Email,Electronics,Smartphones,Samsung,Galaxy S21,734.0,500.0,2.0,0.57,1467.0,17.0,451.0,Debit Card,4.0
2023-01-11,26-35,MI,Other,Middle,Email,Electronics,Smartphones,Apple,iPhone SE,601.0,400.0,3.0,1.55,1802.0,22.0,580.0,Debit Card,6.0
2023-01-11,26-35,CA,Female,Middle,App,Electronics,Laptops,Apple Laptop,MacBook Air M2,1263.0,1000.0,2.0,1.95,2526.0,19.0,507.0,Debit Card,7.0
2023-01-11,56-65,IL,Female,Middle,PPC,Clothing,Jeans,Wrangler,Authentics,50.0,30.0,3.0,1.34,150.0,11.0,48.0,Credit Card,4.0
2023-01-11,66+,GA,Female,Middle,App,Clothing,Jeans,Levis,501 Original,90.0,60.0,3.0,1.16,271.0,8.0,83.0,Credit Card,4.0
2023-01-11,46-55,MI,Male,Middle,Others,Clothing,Jeans,Wrangler,Regular Fit,57.0,35.0,2.0,1.39,114.0,10.0,34.0,Credit Card,5.0
2023-01-11,46-55,GA,Other,Middle,App,Beauty,Makeup,Maybelline,Fit Me Foundation,18.0,15.0,6.0,1.06,105.0,7.0,8.0,Debit Card,5.0
2023-01-11,26-35,PA,Female,High,App,Electronics,Smartphones,Apple,iPhone 14,984.0,700.0,2.0,1.13,1968.0,16.0,552.0,Credit Card,5.0
2023-01-11,56-65,NC,Male,Middle,Others,Electronics,Smartphones,Samsung,Galaxy Z Fold 5,1746.0,1500.0,2.0,0.95,3492.0,19.0,473.0,Digital Wallet,5.0
2023-01-11,56-65,FL,Other,Middle,Organic,Home,Beds,Tempur-Pedic,Cloud Supreme,2086.0,1800.0,2.0,1.11,4172.0,30.0,542.0,Credit Card,6.0
2023-01-11,56-65,NY,Other,Low,PPC,Beauty,Skincare,Neutrogena,Hydro Boost Gel,29.0,20.0,2.0,1.7,57.0,9.0,8.0,Digital Wallet,4.0
2023-01-11,26-35,FL,Male,Middle,App,Clothing,Jeans,Levis,Bootcut,118.0,100.0,2.0,1.64,237.0,9.0,28.0,Credit Card,4.0
2023-01-11,56-65,TX,Female,Middle,Affiliates,Clothing,Jeans,Wrangler,Regular Fit,55.0,35.0,1.0,0.82,55.0,6.0,13.0,Credit Card,4.0
2023-01-11,46-55,IL,Male,Middle,App,Beauty,Skincare,Neutrogena,Rapid Wrinkle Repair,27.0,20.0,3.0,1.49,81.0,9.0,12.0,Credit Card,10.0
2023-01-11,26-35,TX,Female,High,Affiliates,Home,Furniture,IKEA,Billy Bookcase,145.0,100.0,1.0,1.01,145.0,15.0,30.0,Digital Wallet,5.0
2023-01-11,26-35,TX,Male,High,Organic,Clothing,T-Shirts,Nike,Sportswear,38.0,25.0,2.0,1.51,75.0,7.0,18.0,Debit Card,4.0
2023-01-11,56-65,FL,Female,High,Affiliates,Electronics,Smartphones,Samsung,Galaxy A32,365.0,250.0,1.0,1.93,365.0,11.0,104.0,BNPL,2.0
2023-01-11,46-55,FL,Other,High,Affiliates,Beauty,Makeup,Maybelline,Fit Me Foundation,19.0,15.0,4.0,1.42,77.0,8.0,9.0,Credit Card,5.0
2023-01-11,26-35,NY,Other,Low,Email,Clothing,Jeans,Levis,Slim Fit,66.0,50.0,3.0,1.44,197.0,12.0,34.0,Debit Card,6.0
2023-01-11,26-35,CA,Male,Low,Organic,Electronics,Smartphones,Samsung,Galaxy A32,311.0,250.0,3.0,0.65,932.0,18.0,164.0,Credit Card,3.0
2023-01-11,66+,NY,Male,Low,Others,Clothing,T-Shirts,Nike,Sportswear,39.0,25.0,4.0,1.85,155.0,13.0,43.0,Debit Card,4.0
2023-01-11,26-35,NC,Male,High,PPC,Beauty,Makeup,Revlon,ColorStay Lipstick,18.0,15.0,4.0,0.94,73.0,11.0,2.0,Digital Wallet,5.0
2023-01-11,18-25,CA,Female,Middle,App,Clothing,Jeans,Wrangler,Authentics,48.0,30.0,1.0,0.66,48.0,4.0,13.0,Debit Card,2.0
2023-01-11,36-45,PA,Female,Middle,PPC,Clothing,T-Shirts,Adidas,Essentials,48.0,35.0,5.0,1.56,240.0,12.0,52.0,BNPL,6.0
2023-01-11,56-65,NY,Female,High,App,Beauty,Makeup,Revlon,ColorStay Lipstick,20.0,15.0,1.0,1.17,20.0,8.0,-4.0,Credit Card,12.0
2023-01-11,36-45,IL,Other,Middle,Email,Beauty,Makeup,Maybelline,Fit Me Foundation,14.0,15.0,2.0,1.7,29.0,8.0,-9.0,Credit Card,4.0
2023-01-11,56-65,IL,Female,High,Others,Beauty,Makeup,Maybelline,Lash Sensational Mascara,12.0,10.0,5.0,1.54,60.0,10.0,0.0,Digital Wallet,7.0
2023-01-11,66+,IL,Female,Low,App,Clothing,T-Shirts,Adidas,Performance,72.0,45.0,3.0,1.67,216.0,10.0,71.0,Digital Wallet,5.0
2023-01-11,66+,OH,Male,Middle,Others,Beauty,Skincare,Neutrogena,Hydro Boost Gel,25.0,20.0,2.0,0.59,50.0,7.0,3.0,Credit Card,5.0
2023-01-11,18-25,NY,Other,Middle,App,Clothing,T-Shirts,Adidas,Performance,78.0,45.0,3.0,1.94,233.0,11.0,87.0,Digital Wallet,4.0
2023-01-11,18-25,CA,Other,Low,Email,Clothing,Jeans,Wrangler,Regular Fit,58.0,35.0,3.0,0.77,175.0,7.0,62.0,Digital Wallet,4.0
2023-01-11,56-65,NC,Female,Middle,Others,Electronics,Laptops,Apple Laptop,MacBook Pro M3,1912.0,1500.0,2.0,1.89,3824.0,25.0,799.0,Debit Card,5.0
2023-01-11,56-65,OH,Female,Low,Email,Clothing,Jeans,Wrangler,Authentics,50.0,30.0,1.0,0.59,50.0,7.0,13.0,Debit Card,3.0
2023-01-11,18-25,NY,Male,Middle,Organic,Beauty,Makeup,Maybelline,Lash Sensational Mascara,17.0,10.0,4.0,0.78,67.0,10.0,17.0,Credit Card,5.0
2023-01-11,26-35,IL,Other,Middle,Affiliates,Home,Furniture,IKEA,Billy Bookcase,144.0,100.0,2.0,0.64,287.0,27.0,60.0,Credit Card,6.0
2023-01-11,26-35,NY,Female,High,Organic,Clothing,T-Shirts,Adidas,Performance,66.0,45.0,1.0,0.86,66.0,9.0,12.0,Debit Card,3.0
2023-01-11,18-25,FL,Male,Middle,Organic,Beauty,Skincare,Neutrogena,Hydro Boost Gel,26.0,20.0,4.0,0.86,103.0,9.0,14.0,Credit Card,5.0
2023-01-11,46-55,CA,Other,Middle,Others,Home,Beds,Tempur-Pedic,Cloud Supreme,2026.0,1800.0,1.0,1.98,2026.0,15.0,212.0,Debit Card,4.0
2023-01-11,66+,FL,Other,Low,Others,Beauty,Skincare,Neutrogena,Hydro Boost Gel,29.0,20.0,2.0,1.19,58.0,7.0,11.0,Debit Card,3.0
2023-01-11,46-55,IL,Female,Middle,App,Clothing,T-Shirts,Adidas,Performance,64.0,45.0,3.0,0.51,193.0,10.0,48.0,Credit Card,6.0
2023-01-11,18-25,NC,Male,Middle,App,Electronics,Smartphones,Apple,iPhone SE,572.0,400.0,3.0,1.19,1717.0,24.0,493.0,Credit Card,3.0
2023-01-11,26-35,FL,Male,Middle,Others,Clothing,T-Shirts,Nike,Sportswear,38.0,25.0,4.0,0.51,153.0,11.0,42.0,Debit Card,6.0
2023-01-11,46-55,GA,Female,Low,Others,Home,Furniture,IKEA,Billy Bookcase,150.0,100.0,1.0,1.02,150.0,14.0,36.0,Credit Card,6.0
2023-01-11,18-25,CA,Male,Middle,Email,Clothing,T-Shirts,Nike,Dry-FIT,30.0,20.0,4.0,1.82,122.0,8.0,34.0,Digital Wallet,4.0
2023-01-11,26-35,MI,Male,Low,Others,Electronics,Laptops,HP,Pavilion,806.0,600.0,1.0,1.97,806.0,15.0,191.0,Credit Card,5.0
2023-01-11,36-45,FL,Male,Low,App,Electronics,Laptops,Dell,XPS,1537.0,1300.0,2.0,1.88,3074.0,22.0,453.0,Debit Card,3.0
2023-01-11,18-25,PA,Male,High,App,Clothing,Jeans,Wrangler,Regular Fit,58.0,35.0,1.0,1.89,58.0,8.0,15.0,Digital Wallet,4.0
2023-01-11,66+,PA,Other,Middle,Affiliates,Clothing,Jeans,Wrangler,Authentics,54.0,30.0,2.0,1.37,108.0,9.0,39.0,Debit Card,4.0
2023-01-11,18-25,FL,Male,Middle,Organic,Clothing,Jeans,Levis,Slim Fit,72.0,50.0,2.0,0.8,144.0,9.0,35.0,Digital Wallet,3.0
2023-01-11,36-45,GA,Other,Low,Email,Beauty,Makeup,Maybelline,Lash Sensational Mascara,15.0,10.0,1.0,1.05,15.0,4.0,1.0,Credit Card,3.0
2023-01-11,18-25,NC,Female,Low,Others,Home,Furniture,IKEA,Kallax Shelf,83.0,60.0,15.0,1.05,1243.0,159.0,184.0,Credit Card,12.0
2023-01-11,36-45,OH,Female,Low,Others,Home,Furniture,IKEA,Kallax Shelf,73.0,60.0,1.0,0.96,73.0,15.0,-2.0,Credit Card,6.0
2023-01-11,26-35,IL,Male,High,Affiliates,Electronics,Laptops,Apple Laptop,MacBook Pro M2,1386.0,1200.0,1.0,0.78,1386.0,15.0,171.0,Digital Wallet,4.0
2023-01-11,26-35,CA,Male,High,App,Beauty,Makeup,Revlon,ColorStay Lipstick,21.0,15.0,3.0,1.82,64.0,5.0,14.0,BNPL,3.0
2023-01-11,26-35,CA,Female,Middle,App,Electronics,Smartphones,Apple,iPhone SE,572.0,400.0,2.0,1.08,1143.0,13.0,331.0,BNPL,4.0
2023-01-11,26-35,NY,Male,Middle,Affiliates,Electronics,Smartphones,Samsung,Galaxy S21,778.0,500.0,2.0,1.28,1557.0,18.0,539.0,Credit Card,4.0
2023-01-11,18-25,PA,Male,Middle,App,Clothing,Jeans,Wrangler,Regular Fit,60.0,35.0,1.0,0.91,60.0,8.0,17.0,Credit Card,4.0
2023-01-11,36-45,IL,Male,Middle,App,Electronics,Smartphones,Samsung,Galaxy A32,352.0,250.0,7.0,1.8,2467.0,42.0,675.0,Debit Card,5.0
2023-01-11,26-35,PA,Male,Middle,Affiliates,Clothing,T-Shirts,Adidas,Performance,63.0,45.0,4.0,1.2,251.0,11.0,59.0,Digital Wallet,5.0
2023-01-11,26-35,IL,Female,High,PPC,Beauty,Makeup,Maybelline,Fit Me Foundation,22.0,15.0,6.0,1.36,132.0,10.0,32.0,Debit Card,7.0
2023-01-11,18-25,CA,Female,Middle,Organic,Electronics,Smartphones,Apple,iPhone 14,1007.0,700.0,1.0,1.56,1007.0,8.0,299.0,Credit Card,4.0
2023-01-11,36-45,FL,Female,Low,Organic,Beauty,Makeup,Revlon,ColorStay Lipstick,21.0,15.0,4.0,1.77,82.0,8.0,14.0,Digital Wallet,5.0
2023-01-11,46-55,FL,Female,Low,App,Clothing,T-Shirts,Adidas,Performance,74.0,45.0,4.0,1.27,295.0,11.0,104.0,Digital Wallet,5.0
2023-01-11,36-45,FL,Female,Low,App,Home,Furniture,IKEA,Billy Bookcase,162.0,100.0,2.0,0.87,325.0,26.0,99.0,Credit Card,6.0
2023-01-11,18-25,IL,Male,Middle,Email,Clothing,Jeans,Levis,Slim Fit,62.0,50.0,2.0,0.87,124.0,10.0,14.0,BNPL,4.0
2023-01-11,56-65,NY,Male,Middle,Organic,Electronics,Smartphones,Apple,iPhone SE,570.0,400.0,3.0,1.01,1711.0,23.0,488.0,Digital Wallet,5.0
2023-01-11,46-55,GA,Female,Middle,Affiliates,Beauty,Makeup,Maybelline,Fit Me Foundation,24.0,15.0,5.0,1.13,120.0,7.0,38.0,Debit Card,4.0
2023-01-11,26-35,IL,Other,High,Others,Beauty,Makeup,Revlon,PhotoReady Concealer,19.0,12.0,6.0,0.94,114.0,10.0,32.0,Credit Card,7.0
2023-01-11,26-35,CA,Other,High,Organic,Beauty,Makeup,Maybelline,Lash Sensational Mascara,9.0,10.0,2.0,1.55,17.0,4.0,-7.0,Debit Card,4.0
2023-01-11,18-25,CA,Male,Middle,Others,Home,Furniture,IKEA,Kallax Shelf,82.0,60.0,2.0,1.26,164.0,23.0,21.0,Debit Card,6.0
2023-01-11,36-45,TX,Female,Low,PPC,Electronics,Laptops,Apple Laptop,MacBook Air M1,1049.0,900.0,2.0,1.62,2097.0,21.0,277.0,Debit Card,4.0
2023-01-11,36-45,CA,Male,High,Affiliates,Home,Furniture,Ashley Furniture,Bed Frame,220.0,100.0,2.0,1.49,440.0,23.0,217.0,Debit Card,7.0
2023-01-11,36-45,TX,Other,Middle,Organic,Electronics,Smartphones,Apple,iPhone 14,965.0,700.0,3.0,1.04,2896.0,20.0,776.0,Debit Card,4.0
2023-01-11,56-65,OH,Female,Middle,Email,Home,Furniture,IKEA,Billy Bookcase,119.0,100.0,2.0,0.52,239.0,25.0,13.0,Credit Card,5.0
2023-01-11,56-65,FL,Other,Low,Affiliates,Electronics,Laptops,HP,Pavilion,806.0,600.0,1.0,0.93,806.0,14.0,193.0,Digital Wallet,4.0
2023-01-11,36-45,TX,Female,Middle,App,Clothing,Jeans,Wrangler,Regular Fit,63.0,35.0,2.0,0.91,126.0,8.0,48.0,Digital Wallet,2.0
2023-01-11,26-35,TX,Male,Middle,Organic,Beauty,Makeup,Revlon,ColorStay Lipstick,20.0,15.0,4.0,0.61,78.0,7.0,11.0,Credit Card,5.0
2023-01-11,46-55,CA,Male,High,Email,Home,Beds,Tempur-Pedic,Cloud Supreme,2078.0,1800.0,1.0,1.09,2078.0,15.0,263.0,Credit Card,3.0
2023-01-11,56-65,PA,Male,Middle,Others,Electronics,Smartphones,Samsung,Galaxy A32,372.0,250.0,3.0,1.28,1115.0,21.0,343.0,BNPL,6.0
2023-01-11,56-65,PA,Female,Low,PPC,Beauty,Makeup,Maybelline,Fit Me Foundation,18.0,15.0,4.0,0.5,72.0,9.0,4.0,Debit Card,5.0
2023-01-11,26-35,OH,Other,Low,App,Home,Beds,Tempur-Pedic,Contour Elite,2003.0,1700.0,2.0,1.15,4006.0,29.0,577.0,Debit Card,5.0
2023-01-11,56-65,CA,Female,Middle,Organic,Clothing,Jeans,Wrangler,Authentics,57.0,30.0,3.0,1.89,172.0,7.0,75.0,Debit Card,3.0
2023-01-11,36-45,CA,Female,Low,Organic,Electronics,Laptops,HP,Pavilion,837.0,600.0,2.0,1.09,1675.0,19.0,456.0,Credit Card,5.0
2023-01-11,26-35,GA,Male,High,Others,Electronics,Smartphones,Apple,iPhone 14,960.0,700.0,2.0,1.2,1921.0,14.0,507.0,Digital Wallet,4.0
2023-01-11,26-35,PA,Male,Middle,App,Clothing,Jeans,Wrangler,Authentics,52.0,30.0,1.0,1.56,52.0,8.0,14.0,Credit Card,8.0
2023-01-11,18-25,TX,Other,Middle,Organic,Electronics,Laptops,Apple Laptop,MacBook Pro M2,1422.0,1200.0,2.0,1.8,2844.0,21.0,423.0,Digital Wallet,6.0
2023-01-11,56-65,TX,Male,Middle,Affiliates,Home,Furniture,IKEA,Billy Bookcase,168.0,100.0,1.0,0.78,168.0,15.0,53.0,BNPL,3.0
2023-01-11,18-25,NC,Male,Middle,Organic,Clothing,Jeans,Levis,Bootcut,131.0,100.0,1.0,0.54,131.0,10.0,21.0,BNPL,4.0
2023-01-11,66+,NY,Female,Middle,Organic,Home,Beds,Serta,iComfort,2456.0,1900.0,1.0,1.89,2456.0,20.0,536.0,Credit Card,5.0
2023-01-11,56-65,TX,Male,Middle,App,Beauty,Skincare,Neutrogena,Rapid Wrinkle Repair,37.0,20.0,3.0,1.72,111.0,7.0,44.0,Digital Wallet,5.0
2023-01-11,36-45,FL,Other,High,App,Beauty,Makeup,Maybelline,Lash Sensational Mascara,16.0,10.0,2.0,1.47,32.0,7.0,5.0,Digital Wallet,4.0
2023-01-11,46-55,GA,Female,Middle,Others,Clothing,Jeans,Levis,Bootcut,102.0,100.0,1.0,0.56,102.0,5.0,-4.0,Debit Card,4.0
2023-01-11,46-55,NY,Female,Middle,Organic,Electronics,Smartphones,Apple,iPhone 15,1100.0,800.0,1.0,0.57,1100.0,13.0,287.0,Credit Card,4.0
2023-01-11,36-45,TX,Female,High,Organic,Beauty,Makeup,Revlon,ColorStay Lipstick,19.0,15.0,6.0,0.85,114.0,8.0,16.0,BNPL,7.0
2023-01-11,36-45,NC,Female,Middle,PPC,Clothing,Jeans,Levis,501 Original,81.0,60.0,2.0,1.92,162.0,12.0,30.0,Digital Wallet,5.0
2023-01-11,66+,NC,Female,Low,Affiliates,Electronics,Laptops,Apple Laptop,MacBook Air M1,1008.0,900.0,1.0,1.19,1008.0,17.0,91.0,Credit Card,5.0
2023-01-11,66+,CA,Male,Middle,Others,Electronics,Smartphones,Apple,iPhone 14,970.0,700.0,3.0,1.9,2911.0,18.0,793.0,Digital Wallet,6.0
2023-01-11,56-65,GA,Male,Middle,Affiliates,Clothing,T-Shirts,Adidas,Performance,73.0,45.0,1.0,1.98,73.0,5.0,23.0,BNPL,3.0
2023-01-11,26-35,FL,Female,Low,Organic,Home,Furniture,IKEA,Billy Bookcase,165.0,100.0,2.0,1.96,329.0,26.0,104.0,Debit Card,5.0
2023-01-11,46-55,CA,Other,High,Email,Home,Beds,Tempur-Pedic,Cloud Supreme,2046.0,1800.0,1.0,0.58,2046.0,15.0,232.0,Debit Card,4.0
2023-01-11,36-45,NY,Female,Middle,Organic,Electronics,Smartphones,Apple,iPhone 15,1090.0,800.0,3.0,1.31,3270.0,23.0,847.0,Digital Wallet,7.0
2023-01-11,66+,CA,Other,High,Email,Electronics,Smartphones,Apple,iPhone 15,1116.0,800.0,3.0,1.01,3347.0,18.0,929.0,Credit Card,4.0
2023-01-11,18-25,NY,Female,Middle,Organic,Beauty,Makeup,Maybelline,Fit Me Foundation,19.0,15.0,6.0,1.94,112.0,11.0,11.0,BNPL,6.0
2023-01-11,56-65,CA,Male,Middle,PPC,Home,Beds,Serta,iComfort,2151.0,1900.0,2.0,1.31,4302.0,27.0,476.0,Credit Card,4.0
2023-01-11,18-25,TX,Female,Middle,App,Home,Furniture,IKEA,Kallax Shelf,56.0,60.0,2.0,1.32,112.0,25.0,-33.0,Debit Card,5.0
2023-01-11,36-45,PA,Female,Middle,Organic,Home,Furniture,IKEA,Billy Bookcase,128.0,100.0,3.0,1.1,385.0,36.0,49.0,Credit Card,7.0
2023-01-11,36-45,FL,Male,High,Affiliates,Beauty,Makeup,Maybelline,Fit Me Foundation,14.0,15.0,4.0,1.6,57.0,8.0,-11.0,Debit Card,4.0
2023-01-11,46-55,FL,Female,Low,App,Electronics,Smartphones,Apple,iPhone 14,1030.0,700.0,2.0,0.94,2060.0,16.0,644.0,Credit Card,4.0
2023-01-11,36-45,PA,Other,Low,PPC,Beauty,Makeup,Maybelline,Lash Sensational Mascara,16.0,10.0,6.0,1.87,95.0,10.0,25.0,Digital Wallet,6.0
2023-01-11,26-35,FL,Male,Middle,Email,Beauty,Skincare,Neutrogena,Rapid Wrinkle Repair,31.0,20.0,2.0,1.67,61.0,7.0,14.0,Digital Wallet,5.0
2023-01-11,26-35,TX,Female,High,PPC,Home,Beds,Serta,Perfect Sleeper,950.0,750.0,2.0,1.71,1900.0,29.0,371.0,Credit Card,6.0
2023-01-11,46-55,CA,Male,Low,App,Home,Furniture,Ashley Furniture,Sofa,481.0,300.0,1.0,0.77,481.0,13.0,168.0,Digital Wallet,4.0
2023-01-11,26-35,NY,Male,Low,App,Clothing,Jeans,Wrangler,Regular Fit,53.0,35.0,2.0,1.27,107.0,11.0,26.0,Digital Wallet,4.0
2023-01-11,46-55,CA,Female,Middle,PPC,Electronics,Laptops,Apple Laptop,MacBook Air M1,1048.0,900.0,2.0,1.26,2096.0,19.0,277.0,Credit Card,3.0
2023-01-11,36-45,MI,Female,Middle,Affiliates,Clothing,Jeans,Wrangler,Regular Fit,61.0,35.0,2.0,1.78,121.0,10.0,41.0,Debit Card,4.0
2023-01-11,26-35,FL,Male,Middle,Email,Electronics,Smartphones,Apple,iPhone 14,988.0,700.0,3.0,0.72,2965.0,21.0,844.0,Credit Card,5.0
2023-01-11,46-55,CA,Male,Low,Organic,Home,Furniture,IKEA,Billy Bookcase,133.0,100.0,1.0,1.93,133.0,13.0,20.0,Debit Card,5.0
2023-01-11,56-65,NY,Male,Middle,Email,Electronics,Smartphones,Samsung,Galaxy Z Fold 5,1851.0,1500.0,1.0,0.53,1851.0,13.0,338.0,Debit Card,4.0
2023-01-11,18-25,NY,Female,High,Organic,Home,Furniture,Ashley Furniture,Bed Frame,243.0,100.0,2.0,0.93,487.0,28.0,259.0,BNPL,6.0
2023-01-11,66+,NY,Male,Middle,App,Clothing,T-Shirts,Nike,Sportswear,38.0,25.0,4.0,0.98,151.0,13.0,39.0,Credit Card,6.0
2023-01-11,26-35,PA,Other,Low,Affiliates,Clothing,T-Shirts,Adidas,Performance,70.0,45.0,4.0,1.11,279.0,11.0,88.0,Credit Card,5.0
2023-01-11,26-35,CA,Male,Middle,PPC,Beauty,Makeup,Maybelline,Lash Sensational Mascara,14.0,10.0,3.0,1.32,42.0,5.0,7.0,Digital Wallet,3.0
2023-01-11,36-45,CA,Other,High,App,Electronics,Laptops,Apple Laptop,MacBook Air M1,1021.0,900.0,1.0,1.04,1021.0,11.0,110.0,Credit Card,3.0
2023-01-11,26-35,FL,Male,Middle,Organic,Electronics,Laptops,Apple Laptop,MacBook Pro M2,1390.0,1200.0,2.0,0.94,2779.0,22.0,358.0,Debit Card,5.0
2023-01-11,36-45,OH,Male,Middle,Others,Electronics,Laptops,HP,Pavilion,763.0,600.0,6.0,1.7,4576.0,53.0,922.0,Digital Wallet,7.0
2023-01-11,36-45,PA,Male,Low,Organic,Electronics,Smartphones,Apple,iPhone 14,972.0,700.0,3.0,1.82,2915.0,21.0,794.0,Debit Card,5.0
2023-01-11,56-65,CA,Male,High,App,Home,Furniture,Ashley Furniture,Dining Table,298.0,200.0,2.0,1.96,596.0,23.0,173.0,Debit Card,5.0
2023-01-11,46-55,CA,Female,High,Organic,Electronics,Laptops,Dell,XPS,1563.0,1300.0,2.0,1.99,3127.0,19.0,508.0,Debit Card,4.0
2023-01-11,26-35,CA,Male,Low,Organic,Beauty,Makeup,Maybelline,Lash Sensational Mascara,15.0,10.0,4.0,1.99,60.0,5.0,15.0,Credit Card,4.0
2023-01-11,56-65,TX,Female,Low,App,Electronics,Laptops,Apple Laptop,MacBook Pro M3,1875.0,1500.0,2.0,1.36,3751.0,21.0,730.0,BNPL,3.0
2023-01-11,66+,TX,Male,Middle,Email,Electronics,Laptops,HP,Envy,880.0,700.0,1.0,1.15,880.0,13.0,168.0,Digital Wallet,4.0
2023-01-11,36-45,CA,Male,Low,Affiliates,Beauty,Makeup,Revlon,PhotoReady Concealer,18.0,12.0,2.0,1.34,36.0,4.0,8.0,Digital Wallet,3.0
2023-01-11,46-55,TX,Male,Low,Affiliates,Home,Furniture,IKEA,Billy Bookcase,152.0,100.0,2.0,1.44,304.0,25.0,79.0,Debit Card,6.0
2023-01-11,66+,CA,Female,Middle,Organic,Electronics,Smartphones,Apple,iPhone 14,965.0,700.0,1.0,1.31,965.0,8.0,257.0,BNPL,3.0
2023-01-11,66+,CA,Female,High,Affiliates,Clothing,Jeans,Wrangler,Authentics,63.0,30.0,1.0,1.61,63.0,4.0,28.0,Digital Wallet,3.0
2023-01-11,56-65,GA,Female,Low,Others,Electronics,Laptops,Dell,Inspiron,888.0,600.0,1.0,1.97,888.0,12.0,276.0,Credit Card,3.0
2023-01-11,18-25,IL,Male,Low,PPC,Clothing,Jeans,Levis,Slim Fit,69.0,50.0,2.0,1.37,138.0,10.0,28.0,Credit Card,4.0
2023-01-11,46-55,FL,Female,Middle,Affiliates,Clothing,Jeans,Wrangler,Regular Fit,62.0,35.0,2.0,1.58,124.0,9.0,46.0,BNPL,4.0
2023-01-11,66+,PA,Male,Low,PPC,Beauty,Makeup,Maybelline,Lash Sensational Mascara,14.0,10.0,5.0,1.7,71.0,9.0,11.0,Digital Wallet,6.0
2023-01-11,56-65,OH,Male,High,App,Beauty,Makeup,Maybelline,Fit Me Foundation,21.0,15.0,5.0,0.57,104.0,8.0,20.0,Debit Card,5.0
2023-01-11,46-55,CA,Female,High,Email,Electronics,Smartphones,Apple,iPhone 15,1078.0,800.0,3.0,1.71,3234.0,18.0,816.0,Credit Card,4.0
2023-01-11,36-45,CA,Other,High,Organic,Clothing,T-Shirts,Nike,Dry-FIT,24.0,20.0,14.0,1.11,339.0,20.0,39.0,Debit Card,10.0
2023-01-11,36-45,GA,Female,Middle,Others,Home,Furniture,Ashley Furniture,Sofa,424.0,300.0,1.0,1.23,424.0,14.0,110.0,Debit Card,7.0
2023-01-11,26-35,OH,Female,Middle,Others,Electronics,Laptops,Apple Laptop,MacBook Air M2,1336.0,1000.0,2.0,0.58,2672.0,21.0,651.0,Credit Card,13.0
2023-01-11,46-55,IL,Other,Low,Affiliates,Beauty,Makeup,Maybelline,Lash Sensational Mascara,12.0,10.0,1.0,1.92,12.0,7.0,-6.0,Credit Card,5.0
