TransactionDate,CustomerAgeBucket,State,CustomerGender,CustomerIncomeGroup,MarketChannel,ProductCategory,ProductSubCategory,ProductBrand,ProductName,UnitCost,ProductCost,NumberOfUnits,DiscountRate,TotalCost,ShippingCost,Profit,PaymentMethod,DeliveryTime
2023-10-06,46-55,NY,Other,High,Email,Clothing,Jeans,Wrangler,Regular Fit,48.0,35.0,3.0,0.65,143.0,7.0,31.0,Credit Card,4.0
2023-10-06,66+,CA,Male,Middle,Organic,Electronics,Smartphones,Samsung,Galaxy Z Fold 5,1483.0,1500.0,2.0,1.91,2966.0,8.0,-42.0,Debit Card,3.0
2023-10-06,66+,TX,Male,High,PPC,Clothing,Jeans,Levis,Slim Fit,66.0,50.0,3.0,1.49,198.0,4.0,44.0,BNPL,5.0
2023-10-06,36-45,NY,Female,Middle,Organic,Beauty,Skincare,Neutrogena,Rapid Wrinkle Repair,29.0,20.0,2.0,1.78,58.0,4.0,14.0,Digital Wallet,3.0
2023-10-06,18-25,FL,Female,Middle,Others,Beauty,Makeup,Maybelline,Lash Sensational Mascara,14.0,10.0,3.0,1.92,43.0,3.0,10.0,Credit Card,3.0
2023-10-06,66+,CA,Other,Middle,Email,Beauty,Skincare,Neutrogena,Rapid Wrinkle Repair,27.0,20.0,4.0,1.54,108.0,3.0,25.0,Debit Card,3.0
2023-10-06,18-25,NC,Male,Middle,Affiliates,Home,Furniture,IKEA,Kallax Shelf,86.0,60.0,2.0,1.23,172.0,24.0,29.0,Debit Card,9.0
2023-10-06,66+,IL,Male,Low,Others,Home,Furniture,Ashley Furniture,Sofa,435.0,300.0,1.0,1.33,435.0,12.0,123.0,BNPL,4.0
2023-10-06,46-55,IL,Male,High,Others,Electronics,Laptops,HP,Pavilion,566.0,600.0,2.0,1.3,1131.0,18.0,-86.0,Debit Card,5.0
2023-10-06,26-35,MI,Male,Middle,PPC,Electronics,Smartphones,Samsung,Galaxy Z Fold 5,1605.0,1500.0,2.0,1.54,3211.0,12.0,199.0,Digital Wallet,7.0
2023-10-06,36-45,NY,Male,Middle,Email,Home,Beds,Tempur-Pedic,Contour Elite,1842.0,1700.0,2.0,1.9,3683.0,27.0,257.0,Debit Card,5.0
2023-10-06,36-45,GA,Male,Middle,Affiliates,Beauty,Makeup,Maybelline,Fit Me Foundation,15.0,15.0,6.0,1.18,92.0,3.0,-1.0,Credit Card,6.0
2023-10-06,56-65,CA,Other,Low,Organic,Electronics,Smartphones,Apple,iPhone SE,512.0,400.0,2.0,1.84,1024.0,8.0,217.0,BNPL,3.0
2023-10-06,46-55,TX,Male,Low,App,Clothing,T-Shirts,Nike,Sportswear,35.0,25.0,2.0,0.98,71.0,3.0,18.0,Debit Card,3.0
2023-10-06,36-45,TX,Female,Low,App,Clothing,T-Shirts,Adidas,Essentials,41.0,35.0,3.0,1.37,123.0,3.0,15.0,Digital Wallet,3.0
2023-10-06,26-35,CA,Female,Middle,Affiliates,Beauty,Skincare,Neutrogena,Hydro Boost Gel,27.0,20.0,3.0,0.91,80.0,3.0,17.0,Credit Card,4.0
2023-10-06,56-65,CA,Male,High,Affiliates,Clothing,Jeans,Wrangler,Regular Fit,57.0,35.0,2.0,1.73,115.0,3.0,42.0,Credit Card,2.0
2023-10-06,66+,CA,Female,Low,Affiliates,Home,Beds,Tempur-Pedic,Cloud Supreme,1810.0,1800.0,2.0,0.75,3620.0,22.0,-2.0,BNPL,4.0
2023-10-06,26-35,MI,Male,Low,Organic,Electronics,Smartphones,Apple,iPhone SE,546.0,400.0,2.0,0.82,1093.0,12.0,281.0,Digital Wallet,6.0
2023-10-06,18-25,IL,Female,Middle,Affiliates,Home,Furniture,Ashley Furniture,Bed Frame,249.0,100.0,2.0,1.99,499.0,22.0,277.0,Debit Card,6.0
2023-10-06,36-45,CA,Female,Low,Others,Clothing,Jeans,Levis,Bootcut,102.0,100.0,2.0,0.76,203.0,3.0,0.0,Credit Card,3.0
2023-10-06,46-55,FL,Other,Low,Affiliates,Clothing,Jeans,Levis,501 Original,80.0,60.0,1.0,1.56,80.0,3.0,17.0,BNPL,3.0
2023-10-06,46-55,CA,Male,Middle,Others,Clothing,Jeans,Levis,501 Original,68.0,60.0,2.0,1.68,136.0,3.0,13.0,Debit Card,2.0
2023-10-06,26-35,NY,Female,Low,Affiliates,Home,Furniture,Ashley Furniture,Dining Table,355.0,200.0,2.0,0.74,709.0,23.0,287.0,Debit Card,7.0
2023-10-06,26-35,CA,Female,High,Email,Clothing,T-Shirts,Adidas,Performance,59.0,45.0,4.0,0.6,237.0,3.0,54.0,Credit Card,3.0
2023-10-06,66+,IL,Female,Middle,Organic,Electronics,Laptops,HP,Envy,925.0,700.0,2.0,0.82,1850.0,18.0,432.0,Debit Card,4.0
2023-10-06,18-25,TX,Male,Low,Organic,Electronics,Laptops,Apple Laptop,MacBook Pro M3,1651.0,1500.0,2.0,1.19,3301.0,16.0,285.0,BNPL,5.0
2023-10-06,46-55,FL,Female,Low,Organic,Electronics,Laptops,HP,Envy,865.0,700.0,1.0,0.88,865.0,9.0,156.0,BNPL,4.0
2023-10-06,46-55,CA,Female,High,Others,Home,Furniture,IKEA,Billy Bookcase,155.0,100.0,1.0,1.34,155.0,8.0,47.0,Digital Wallet,3.0
2023-10-06,56-65,PA,Male,Middle,PPC,Beauty,Makeup,Revlon,ColorStay Lipstick,17.0,15.0,4.0,1.62,67.0,4.0,4.0,Credit Card,4.0
2023-10-06,26-35,IL,Female,High,Affiliates,Beauty,Makeup,Maybelline,Fit Me Foundation,14.0,15.0,3.0,1.67,43.0,3.0,-6.0,Credit Card,5.0
2023-10-06,36-45,NY,Female,Middle,Others,Clothing,Jeans,Levis,Slim Fit,70.0,50.0,1.0,1.24,70.0,4.0,16.0,Credit Card,3.0
2023-10-06,56-65,PA,Female,Middle,PPC,Home,Furniture,IKEA,Kallax Shelf,57.0,60.0,2.0,1.53,115.0,21.0,-26.0,Debit Card,5.0
2023-10-06,56-65,IL,Male,Middle,Affiliates,Beauty,Skincare,Neutrogena,Hydro Boost Gel,23.0,20.0,1.0,1.76,23.0,3.0,-0.0,Debit Card,3.0
2023-10-06,26-35,CA,Male,Low,Others,Clothing,Jeans,Wrangler,Regular Fit,63.0,35.0,3.0,0.64,188.0,3.0,80.0,Debit Card,3.0
2023-10-06,18-25,NY,Female,Middle,Organic,Clothing,T-Shirts,Adidas,Essentials,42.0,35.0,2.0,0.92,83.0,5.0,8.0,Credit Card,3.0
2023-10-06,26-35,PA,Male,Middle,Others,Electronics,Smartphones,Apple,iPhone 14,899.0,700.0,2.0,1.06,1798.0,11.0,387.0,Credit Card,3.0
2023-10-06,46-55,FL,Female,Low,Organic,Clothing,T-Shirts,Nike,Sportswear,36.0,25.0,1.0,1.4,36.0,3.0,8.0,Credit Card,3.0
2023-10-06,56-65,PA,Other,Low,App,Clothing,T-Shirts,Nike,Dry-FIT,26.0,20.0,4.0,1.78,105.0,6.0,19.0,Credit Card,5.0
2023-10-06,66+,TX,Male,Low,Others,Clothing,T-Shirts,Nike,Pro,51.0,30.0,1.0,1.66,51.0,3.0,18.0,Debit Card,2.0
2023-10-06,26-35,MI,Female,Middle,Organic,Home,Furniture,Ashley Furniture,Sofa,437.0,300.0,1.0,1.81,437.0,12.0,125.0,Credit Card,4.0
2023-10-06,36-45,NC,Other,Middle,App,Beauty,Makeup,Revlon,PhotoReady Concealer,15.0,12.0,1.0,0.95,15.0,4.0,-1.0,BNPL,4.0
2023-10-06,46-55,PA,Male,High,Email,Home,Beds,Tempur-Pedic,Contour Elite,1780.0,1700.0,1.0,0.71,1780.0,13.0,67.0,Debit Card,4.0
2023-10-06,46-55,PA,Male,Middle,Others,Clothing,T-Shirts,Adidas,Essentials,41.0,35.0,2.0,0.86,83.0,4.0,9.0,BNPL,3.0
2023-10-06,18-25,CA,Female,Middle,App,Clothing,Jeans,Wrangler,Authentics,47.0,30.0,3.0,0.89,142.0,3.0,49.0,Debit Card,3.0
2023-10-06,26-35,PA,Male,High,Others,Clothing,T-Shirts,Nike,Dry-FIT,20.0,20.0,4.0,1.51,80.0,6.0,-6.0,Credit Card,4.0
2023-10-06,18-25,IL,Other,High,Organic,Home,Furniture,Ashley Furniture,Sofa,413.0,300.0,2.0,0.68,826.0,22.0,204.0,Credit Card,6.0
2023-10-06,66+,TX,Female,Middle,App,Beauty,Makeup,Revlon,PhotoReady Concealer,16.0,12.0,7.0,1.91,111.0,4.0,24.0,Credit Card,6.0
2023-10-06,36-45,CA,Female,Middle,Organic,Electronics,Laptops,Apple Laptop,MacBook Air M1,1023.0,900.0,1.0,1.62,1023.0,6.0,117.0,Debit Card,8.0
2023-10-06,36-45,IL,Other,High,Organic,Electronics,Laptops,HP,Pavilion,701.0,600.0,1.0,1.38,701.0,10.0,91.0,Digital Wallet,2.0
2023-10-06,56-65,NC,Male,Low,Organic,Clothing,Jeans,Levis,501 Original,92.0,60.0,1.0,0.89,92.0,5.0,27.0,Digital Wallet,5.0
2023-10-06,18-25,CA,Female,High,App,Electronics,Smartphones,Apple,iPhone 14,885.0,700.0,2.0,0.78,1770.0,8.0,363.0,Digital Wallet,3.0
2023-10-06,18-25,CA,Female,Low,Organic,Clothing,Jeans,Levis,Bootcut,100.0,100.0,3.0,1.96,299.0,3.0,-4.0,Digital Wallet,4.0
2023-10-06,36-45,CA,Male,Low,Affiliates,Clothing,T-Shirts,Nike,Dry-FIT,15.0,20.0,2.0,1.43,31.0,3.0,-12.0,Debit Card,2.0
2023-10-06,26-35,CA,Other,Middle,Affiliates,Beauty,Skincare,Neutrogena,Rapid Wrinkle Repair,27.0,20.0,3.0,0.76,81.0,3.0,18.0,Debit Card,2.0
2023-10-06,46-55,NY,Other,Middle,Organic,Electronics,Smartphones,Apple,iPhone 14,873.0,700.0,1.0,1.74,873.0,8.0,166.0,Digital Wallet,3.0
2023-10-06,26-35,CA,Male,Middle,Affiliates,Clothing,Jeans,Wrangler,Regular Fit,54.0,35.0,2.0,0.91,108.0,3.0,35.0,BNPL,3.0
2023-10-06,66+,GA,Other,High,Organic,Home,Furniture,IKEA,Billy Bookcase,128.0,100.0,2.0,0.72,256.0,19.0,38.0,Digital Wallet,5.0
2023-10-06,26-35,TX,Male,Middle,Organic,Home,Beds,Tempur-Pedic,Cloud Supreme,1741.0,1800.0,2.0,0.79,3482.0,24.0,-142.0,Debit Card,5.0
2023-10-06,46-55,NY,Female,Low,PPC,Home,Furniture,IKEA,Billy Bookcase,147.0,100.0,1.0,1.52,147.0,13.0,34.0,Debit Card,5.0
2023-10-06,56-65,GA,Female,Middle,Affiliates,Beauty,Skincare,Neutrogena,Oil-Free Acne Wash,17.0,15.0,3.0,1.31,52.0,3.0,4.0,Digital Wallet,4.0
2023-10-06,26-35,GA,Male,Low,Email,Home,Furniture,IKEA,Billy Bookcase,177.0,100.0,1.0,0.51,177.0,9.0,69.0,Digital Wallet,5.0
2023-10-06,26-35,FL,Male,Middle,Others,Clothing,T-Shirts,Nike,Sportswear,38.0,25.0,4.0,1.51,154.0,5.0,48.0,Debit Card,5.0
2023-10-06,56-65,TX,Female,Low,App,Clothing,Jeans,Levis,Slim Fit,58.0,50.0,2.0,0.68,117.0,3.0,14.0,Credit Card,4.0
2023-10-06,36-45,FL,Male,Middle,PPC,Beauty,Makeup,Maybelline,Fit Me Foundation,19.0,15.0,1.0,1.17,19.0,3.0,1.0,Digital Wallet,2.0
2023-10-06,46-55,TX,Male,Middle,Organic,Electronics,Smartphones,Samsung,Galaxy A32,309.0,250.0,2.0,1.47,618.0,10.0,108.0,Digital Wallet,3.0
2023-10-06,26-35,TX,Male,Middle,Organic,Beauty,Skincare,Neutrogena,Oil-Free Acne Wash,19.0,15.0,3.0,0.5,58.0,3.0,10.0,Digital Wallet,4.0
2023-10-06,56-65,CA,Male,Middle,Affiliates,Beauty,Skincare,Neutrogena,Hydro Boost Gel,22.0,20.0,1.0,1.37,22.0,3.0,-1.0,Digital Wallet,2.0
2023-10-06,36-45,CA,Female,Middle,Email,Electronics,Smartphones,Apple,iPhone SE,523.0,400.0,1.0,0.71,523.0,3.0,120.0,Digital Wallet,2.0
2023-10-06,36-45,OH,Other,Middle,Affiliates,Clothing,T-Shirts,Adidas,Performance,57.0,45.0,2.0,1.69,114.0,3.0,21.0,Debit Card,3.0
2023-10-06,36-45,PA,Female,Low,App,Clothing,T-Shirts,Nike,Sportswear,35.0,25.0,3.0,1.24,105.0,5.0,25.0,Debit Card,4.0
2023-10-06,66+,IL,Female,Middle,Email,Clothing,Jeans,Wrangler,Authentics,43.0,30.0,3.0,1.96,129.0,6.0,33.0,Credit Card,6.0
2023-10-06,26-35,IL,Other,Middle,Email,Beauty,Makeup,Maybelline,Lash Sensational Mascara,13.0,10.0,2.0,0.77,26.0,3.0,3.0,Digital Wallet,4.0
2023-10-06,18-25,CA,Other,Low,Organic,Clothing,Jeans,Wrangler,Regular Fit,57.0,35.0,2.0,1.01,113.0,3.0,40.0,Digital Wallet,2.0
2023-10-06,36-45,TX,Female,Middle,Affiliates,Clothing,Jeans,Levis,501 Original,68.0,60.0,2.0,0.83,136.0,3.0,13.0,Credit Card,3.0
2023-10-06,26-35,CA,Male,Low,Organic,Clothing,T-Shirts,Adidas,Performance,55.0,45.0,4.0,1.33,220.0,3.0,37.0,Digital Wallet,3.0
2023-10-06,18-25,MI,Other,Middle,App,Home,Beds,Tempur-Pedic,Contour Elite,1694.0,1700.0,1.0,1.94,1694.0,14.0,-20.0,Credit Card,5.0
2023-10-06,18-25,FL,Male,Middle,Others,Clothing,Jeans,Levis,501 Original,72.0,60.0,1.0,1.66,72.0,3.0,9.0,Debit Card,3.0
2023-10-06,56-65,FL,Female,High,Others,Home,Beds,Tempur-Pedic,Contour Elite,1736.0,1700.0,2.0,1.72,3471.0,25.0,47.0,BNPL,5.0
2023-10-06,36-45,NC,Other,Middle,Affiliates,Electronics,Laptops,Dell,Inspiron,672.0,600.0,5.0,1.48,3362.0,44.0,318.0,Debit Card,5.0
2023-10-06,46-55,NY,Female,Middle,App,Home,Beds,Tempur-Pedic,Cloud Supreme,1776.0,1800.0,6.0,1.25,10658.0,75.0,-217.0,Debit Card,6.0
2023-10-06,26-35,FL,Male,Middle,Organic,Electronics,Laptops,HP,Envy,795.0,700.0,2.0,0.84,1589.0,17.0,173.0,Debit Card,4.0
2023-10-06,56-65,CA,Other,Middle,PPC,Home,Furniture,IKEA,Billy Bookcase,152.0,100.0,2.0,1.54,303.0,18.0,86.0,Credit Card,3.0
2023-10-06,56-65,NY,Female,Middle,Affiliates,Beauty,Makeup,Maybelline,Lash Sensational Mascara,13.0,10.0,3.0,0.51,38.0,4.0,3.0,Debit Card,6.0
2023-10-06,36-45,FL,Other,High,Others,Electronics,Smartphones,Samsung,Galaxy Z Fold 5,1633.0,1500.0,3.0,0.72,4899.0,16.0,384.0,Credit Card,3.0
2023-10-06,66+,OH,Male,High,App,Home,Beds,Tempur-Pedic,Cloud Supreme,1719.0,1800.0,1.0,1.61,1719.0,12.0,-93.0,Credit Card,4.0
2023-10-06,36-45,PA,Other,High,App,Home,Furniture,Ashley Furniture,Dining Table,324.0,200.0,1.0,1.67,324.0,11.0,113.0,Digital Wallet,4.0
2023-10-06,18-25,TX,Female,Low,Organic,Beauty,Skincare,Neutrogena,Oil-Free Acne Wash,14.0,15.0,1.0,0.66,14.0,3.0,-4.0,Debit Card,3.0
2023-10-06,56-65,MI,Female,High,App,Electronics,Laptops,Apple Laptop,MacBook Pro M2,1200.0,1200.0,2.0,1.1,2400.0,18.0,-18.0,Debit Card,4.0
2023-10-06,66+,CA,Male,Middle,Organic,Beauty,Makeup,Revlon,ColorStay Lipstick,17.0,15.0,4.0,1.8,67.0,3.0,4.0,BNPL,3.0
2023-10-06,56-65,CA,Other,Middle,Organic,Home,Beds,Serta,iComfort,2024.0,1900.0,1.0,1.99,2024.0,10.0,114.0,Digital Wallet,3.0
2023-10-06,66+,CA,Other,Low,Organic,Home,Beds,Serta,iComfort,2137.0,1900.0,2.0,1.37,4275.0,22.0,453.0,Digital Wallet,5.0
2023-10-06,56-65,IL,Female,Low,Affiliates,Home,Beds,Serta,iComfort,2149.0,1900.0,2.0,1.83,4297.0,26.0,472.0,BNPL,6.0
2023-10-06,66+,FL,Female,Middle,Email,Clothing,Jeans,Wrangler,Authentics,40.0,30.0,3.0,1.94,120.0,5.0,25.0,Credit Card,4.0
2023-10-06,26-35,PA,Male,Low,App,Electronics,Smartphones,Samsung,Galaxy A32,274.0,250.0,3.0,1.23,822.0,16.0,56.0,Digital Wallet,5.0
2023-10-06,26-35,FL,Male,Low,App,Beauty,Makeup,Maybelline,Fit Me Foundation,11.0,15.0,5.0,1.93,55.0,4.0,-24.0,Digital Wallet,6.0
2023-10-06,66+,CA,Female,High,PPC,Home,Furniture,IKEA,Billy Bookcase,128.0,100.0,2.0,1.32,256.0,18.0,39.0,Credit Card,4.0
2023-10-06,36-45,IL,Female,Low,Email,Clothing,T-Shirts,Adidas,Performance,51.0,45.0,5.0,1.58,257.0,8.0,24.0,Debit Card,4.0
2023-10-06,36-45,IL,Female,Low,Others,Home,Beds,Serta,iComfort,2194.0,1900.0,2.0,1.43,4388.0,26.0,563.0,Debit Card,4.0
2023-10-06,18-25,CA,Male,Middle,Affiliates,Clothing,Jeans,Levis,Bootcut,98.0,100.0,3.0,1.34,295.0,3.0,-8.0,Debit Card,3.0
2023-10-06,18-25,IL,Other,Low,Affiliates,Electronics,Laptops,Dell,XPS,1387.0,1300.0,1.0,1.93,1387.0,10.0,77.0,Credit Card,4.0
2023-10-06,56-65,IL,Male,Middle,App,Beauty,Makeup,Maybelline,Fit Me Foundation,17.0,15.0,6.0,1.34,101.0,5.0,6.0,Debit Card,5.0
2023-10-06,26-35,NC,Other,Low,Others,Beauty,Skincare,Neutrogena,Rapid Wrinkle Repair,29.0,20.0,2.0,1.4,58.0,5.0,13.0,Digital Wallet,5.0
2023-10-06,56-65,CA,Male,High,App,Home,Furniture,Ashley Furniture,Bed Frame,233.0,100.0,2.0,0.86,466.0,18.0,249.0,Credit Card,3.0
2023-10-06,26-35,PA,Male,Middle,PPC,Beauty,Makeup,Revlon,ColorStay Lipstick,15.0,15.0,3.0,1.61,46.0,3.0,-2.0,Credit Card,5.0
2023-10-06,66+,TX,Male,Middle,Affiliates,Home,Beds,Serta,iComfort,1948.0,1900.0,2.0,0.79,3896.0,24.0,72.0,Digital Wallet,4.0
2023-10-06,36-45,CA,Other,Middle,App,Beauty,Skincare,Neutrogena,Oil-Free Acne Wash,18.0,15.0,3.0,1.41,53.0,3.0,5.0,Digital Wallet,8.0
2023-10-06,36-45,OH,Male,Low,Email,Beauty,Makeup,Maybelline,Fit Me Foundation,20.0,15.0,3.0,1.71,60.0,3.0,12.0,Debit Card,3.0
2023-10-06,36-45,PA,Female,Low,Others,Clothing,Jeans,Levis,501 Original,76.0,60.0,2.0,1.88,151.0,4.0,27.0,Debit Card,4.0
2023-10-06,36-45,CA,Female,Low,Affiliates,Clothing,Jeans,Wrangler,Regular Fit,51.0,35.0,1.0,1.21,51.0,3.0,13.0,Digital Wallet,2.0
2023-10-06,46-55,CA,Female,Middle,Organic,Electronics,Smartphones,Samsung,Galaxy Z Fold 5,1645.0,1500.0,1.0,0.86,1645.0,3.0,142.0,Credit Card,3.0
2023-10-06,26-35,CA,Male,Middle,PPC,Electronics,Smartphones,Samsung,Galaxy Z Fold 5,1665.0,1500.0,2.0,1.38,3329.0,8.0,322.0,Credit Card,14.0
2023-10-06,56-65,PA,Male,Low,Others,Clothing,Jeans,Levis,501 Original,70.0,60.0,2.0,0.53,139.0,4.0,15.0,Debit Card,4.0
2023-10-06,26-35,NC,Male,Middle,Affiliates,Clothing,Jeans,Wrangler,Regular Fit,51.0,35.0,2.0,1.02,103.0,7.0,26.0,BNPL,4.0
2023-10-06,26-35,CA,Male,Low,Affiliates,Beauty,Makeup,Maybelline,Lash Sensational Mascara,14.0,10.0,5.0,1.43,70.0,3.0,17.0,Digital Wallet,5.0
2023-10-06,46-55,PA,Female,High,Email,Clothing,Jeans,Levis,501 Original,71.0,60.0,10.0,0.89,709.0,16.0,93.0,BNPL,8.0
2023-10-06,46-55,IL,Male,Low,Organic,Beauty,Makeup,Revlon,PhotoReady Concealer,18.0,12.0,2.0,0.97,37.0,3.0,10.0,Digital Wallet,3.0
2023-10-06,26-35,PA,Female,High,Affiliates,Clothing,Jeans,Levis,501 Original,74.0,60.0,3.0,1.81,222.0,6.0,36.0,Digital Wallet,4.0
2023-10-06,46-55,MI,Female,Middle,Organic,Electronics,Smartphones,Samsung,Galaxy S21,774.0,500.0,1.0,0.6,774.0,7.0,267.0,Credit Card,7.0
2023-10-06,66+,TX,Other,Middle,Organic,Electronics,Laptops,Apple Laptop,MacBook Air M2,1116.0,1000.0,1.0,1.04,1116.0,8.0,109.0,BNPL,3.0
2023-10-06,66+,OH,Female,Low,PPC,Electronics,Smartphones,Samsung,Galaxy S21,747.0,500.0,2.0,0.9,1495.0,10.0,484.0,BNPL,5.0
2023-10-06,26-35,IL,Female,Low,Email,Beauty,Skincare,Neutrogena,Rapid Wrinkle Repair,26.0,20.0,3.0,0.52,79.0,4.0,15.0,Credit Card,5.0
2023-10-06,26-35,TX,Female,High,Affiliates,Clothing,Jeans,Wrangler,Regular Fit,60.0,35.0,1.0,0.89,60.0,3.0,22.0,Credit Card,3.0
2023-10-06,18-25,CA,Other,High,Affiliates,Home,Furniture,IKEA,Billy Bookcase,148.0,100.0,2.0,1.83,296.0,18.0,78.0,Credit Card,5.0
2023-10-06,36-45,CA,Other,Low,Affiliates,Clothing,Jeans,Levis,Bootcut,109.0,100.0,3.0,1.51,327.0,3.0,24.0,Digital Wallet,3.0
2023-10-06,18-25,NY,Male,Middle,Organic,Home,Furniture,IKEA,Kallax Shelf,68.0,60.0,1.0,1.27,68.0,13.0,-5.0,Digital Wallet,4.0
2023-10-06,18-25,PA,Male,Low,PPC,Beauty,Makeup,Revlon,ColorStay Lipstick,18.0,15.0,2.0,1.98,35.0,3.0,2.0,Digital Wallet,6.0
2023-10-06,56-65,GA,Male,Low,App,Home,Furniture,Ashley Furniture,Sofa,406.0,300.0,2.0,1.23,813.0,19.0,194.0,Credit Card,7.0
2023-10-06,46-55,IL,Female,Middle,Affiliates,Home,Beds,Serta,Perfect Sleeper,841.0,750.0,1.0,0.51,841.0,14.0,77.0,Credit Card,4.0
2023-10-06,46-55,IL,Female,Middle,Others,Beauty,Skincare,Neutrogena,Rapid Wrinkle Repair,33.0,20.0,1.0,0.84,33.0,3.0,10.0,Debit Card,4.0
2023-10-06,46-55,OH,Female,Middle,Organic,Clothing,Jeans,Levis,Bootcut,99.0,100.0,3.0,1.8,296.0,5.0,-9.0,Credit Card,4.0
2023-10-06,26-35,TX,Other,Middle,PPC,Beauty,Makeup,Maybelline,Lash Sensational Mascara,12.0,10.0,1.0,1.1,12.0,3.0,-1.0,BNPL,3.0
2023-10-06,26-35,FL,Female,Middle,App,Electronics,Smartphones,Apple,iPhone SE,584.0,400.0,3.0,1.09,1752.0,16.0,536.0,Credit Card,5.0
2023-10-06,56-65,CA,Female,Low,Affiliates,Clothing,Jeans,Levis,Bootcut,114.0,100.0,2.0,1.12,227.0,3.0,24.0,Digital Wallet,3.0
2023-10-06,56-65,CA,Male,Low,Email,Home,Furniture,IKEA,Billy Bookcase,133.0,100.0,1.0,1.85,133.0,8.0,25.0,Digital Wallet,3.0
2023-10-06,56-65,OH,Female,Middle,App,Electronics,Laptops,Apple Laptop,MacBook Pro M2,1219.0,1200.0,2.0,1.16,2437.0,16.0,21.0,Debit Card,6.0
2023-10-06,36-45,FL,Male,Low,Others,Electronics,Laptops,HP,Pavilion,715.0,600.0,2.0,0.78,1430.0,17.0,214.0,Digital Wallet,4.0
2023-10-06,46-55,PA,Male,Low,Others,Clothing,T-Shirts,Nike,Dry-FIT,26.0,20.0,2.0,0.65,52.0,4.0,8.0,Credit Card,4.0
2023-10-06,18-25,FL,Male,Low,App,Beauty,Makeup,Maybelline,Lash Sensational Mascara,13.0,10.0,4.0,1.6,51.0,3.0,8.0,BNPL,5.0
2023-10-06,26-35,NC,Female,High,PPC,Electronics,Laptops,Dell,XPS,1415.0,1300.0,1.0,1.08,1415.0,12.0,103.0,Digital Wallet,4.0
2023-10-06,26-35,FL,Female,Middle,Organic,Electronics,Laptops,Dell,XPS,1411.0,1300.0,1.0,1.79,1411.0,9.0,102.0,Credit Card,4.0
2023-10-06,26-35,TX,Male,Middle,Affiliates,Home,Beds,Serta,iComfort,2089.0,1900.0,12.0,0.82,25072.0,144.0,2128.0,Debit Card,11.0
2023-10-06,26-35,TX,Female,High,Organic,Clothing,Jeans,Wrangler,Authentics,37.0,30.0,3.0,0.61,112.0,4.0,17.0,Debit Card,6.0
2023-10-06,26-35,NC,Female,High,Organic,Clothing,T-Shirts,Adidas,Performance,58.0,45.0,4.0,1.45,233.0,8.0,45.0,Digital Wallet,6.0
2023-10-06,66+,NY,Female,Middle,App,Clothing,Jeans,Wrangler,Regular Fit,56.0,35.0,1.0,1.15,56.0,4.0,17.0,Credit Card,4.0
2023-10-06,46-55,CA,Male,Middle,App,Clothing,Jeans,Wrangler,Regular Fit,45.0,35.0,3.0,0.57,135.0,3.0,27.0,Credit Card,3.0
2023-10-06,36-45,GA,Male,Low,Others,Electronics,Smartphones,Apple,iPhone 14,889.0,700.0,7.0,0.94,6222.0,34.0,1288.0,Debit Card,4.0
2023-10-06,56-65,IL,Male,Low,App,Home,Furniture,IKEA,Kallax Shelf,74.0,60.0,2.0,1.25,148.0,22.0,7.0,Debit Card,6.0
2023-10-06,36-45,NY,Male,Middle,Organic,Beauty,Skincare,Neutrogena,Rapid Wrinkle Repair,30.0,20.0,3.0,1.83,91.0,5.0,26.0,Credit Card,4.0
2023-10-06,46-55,CA,Female,Middle,Email,Clothing,Jeans,Wrangler,Regular Fit,50.0,35.0,2.0,0.86,101.0,3.0,28.0,Digital Wallet,3.0
2023-10-06,26-35,NY,Male,High,App,Beauty,Skincare,Neutrogena,Oil-Free Acne Wash,19.0,15.0,4.0,1.01,76.0,5.0,10.0,Debit Card,4.0
2023-10-06,26-35,FL,Female,Middle,Affiliates,Electronics,Laptops,Apple Laptop,MacBook Pro M3,1680.0,1500.0,2.0,1.34,3360.0,17.0,343.0,Debit Card,5.0
2023-10-06,18-25,IL,Other,Middle,App,Beauty,Makeup,Maybelline,Lash Sensational Mascara,11.0,10.0,1.0,1.24,11.0,3.0,-2.0,Credit Card,2.0
2023-10-06,46-55,CA,Female,Low,Affiliates,Clothing,T-Shirts,Adidas,Essentials,36.0,35.0,4.0,1.97,146.0,3.0,3.0,Digital Wallet,2.0
2023-10-06,18-25,PA,Other,Low,Others,Beauty,Makeup,Maybelline,Lash Sensational Mascara,11.0,10.0,1.0,1.04,11.0,3.0,-2.0,Credit Card,3.0
2023-10-06,46-55,MI,Female,Middle,App,Electronics,Smartphones,Apple,iPhone 14,880.0,700.0,2.0,0.55,1760.0,12.0,348.0,Credit Card,4.0
2023-10-06,26-35,NY,Female,Middle,Organic,Home,Beds,Tempur-Pedic,Contour Elite,1816.0,1700.0,1.0,1.51,1816.0,15.0,102.0,Debit Card,5.0
2023-10-06,46-55,NY,Male,Low,Affiliates,Electronics,Smartphones,Apple,iPhone 15,1006.0,800.0,2.0,1.55,2012.0,13.0,399.0,Digital Wallet,4.0
2023-10-06,56-65,TX,Other,Low,Others,Beauty,Skincare,Neutrogena,Rapid Wrinkle Repair,19.0,20.0,4.0,1.04,76.0,3.0,-7.0,Credit Card,6.0
2023-10-06,36-45,IL,Male,Low,Organic,Home,Beds,Tempur-Pedic,Contour Elite,1581.0,1700.0,1.0,1.45,1581.0,14.0,-133.0,Credit Card,4.0
2023-10-06,26-35,TX,Male,Middle,Organic,Home,Beds,Serta,Perfect Sleeper,858.0,750.0,2.0,1.51,1716.0,24.0,192.0,Debit Card,4.0
2023-10-06,36-45,MI,Female,Middle,Affiliates,Home,Furniture,IKEA,Billy Bookcase,126.0,100.0,1.0,1.26,126.0,12.0,14.0,Debit Card,4.0
2023-10-06,36-45,CA,Male,High,App,Clothing,Jeans,Levis,Slim Fit,61.0,50.0,3.0,0.79,183.0,3.0,30.0,BNPL,4.0
2023-10-06,66+,CA,Male,Middle,Organic,Clothing,Jeans,Wrangler,Regular Fit,55.0,35.0,2.0,1.49,111.0,3.0,38.0,Digital Wallet,2.0
2023-10-06,26-35,CA,Male,Low,Affiliates,Home,Furniture,Ashley Furniture,Dining Table,327.0,200.0,1.0,1.52,327.0,8.0,119.0,Credit Card,5.0
2023-10-06,36-45,OH,Female,High,App,Electronics,Laptops,Apple Laptop,MacBook Air M2,1063.0,1000.0,1.0,0.59,1063.0,8.0,54.0,Credit Card,4.0
2023-10-06,46-55,IL,Male,High,App,Home,Furniture,Ashley Furniture,Bed Frame,217.0,100.0,2.0,0.7,434.0,22.0,212.0,Credit Card,5.0
2023-10-06,46-55,TX,Female,Middle,Organic,Clothing,T-Shirts,Nike,Dry-FIT,28.0,20.0,5.0,1.98,142.0,6.0,37.0,Debit Card,7.0
2023-10-06,18-25,MI,Male,High,PPC,Electronics,Smartphones,Apple,iPhone 14,884.0,700.0,2.0,0.97,1769.0,12.0,357.0,Credit Card,4.0
2023-10-06,36-45,TX,Other,Middle,Others,Electronics,Laptops,HP,Envy,835.0,700.0,2.0,0.51,1670.0,16.0,255.0,Debit Card,2.0
2023-10-06,46-55,IL,Male,High,Organic,Electronics,Laptops,Apple Laptop,MacBook Air M2,1046.0,1000.0,1.0,1.26,1046.0,10.0,36.0,Debit Card,3.0
2023-10-06,36-45,CA,Other,Low,Others,Beauty,Skincare,Neutrogena,Hydro Boost Gel,21.0,20.0,3.0,1.87,64.0,3.0,1.0,BNPL,2.0
2023-10-06,46-55,FL,Male,Middle,Organic,Clothing,Jeans,Wrangler,Authentics,48.0,30.0,2.0,0.65,96.0,4.0,32.0,Digital Wallet,3.0
2023-10-06,36-45,NY,Male,Middle,Affiliates,Beauty,Makeup,Maybelline,Fit Me Foundation,17.0,15.0,3.0,0.54,51.0,4.0,1.0,Credit Card,3.0
2023-10-06,66+,NY,Male,High,App,Electronics,Smartphones,Samsung,Galaxy Z Fold 5,1640.0,1500.0,1.0,0.86,1640.0,8.0,132.0,Debit Card,6.0
2023-10-06,36-45,TX,Male,Middle,App,Electronics,Smartphones,Apple,iPhone SE,542.0,400.0,1.0,1.59,542.0,5.0,137.0,Digital Wallet,2.0
2023-10-06,46-55,CA,Female,Middle,Affiliates,Clothing,Jeans,Wrangler,Regular Fit,52.0,35.0,2.0,1.12,103.0,3.0,30.0,Debit Card,3.0
2023-10-06,26-35,CA,Female,Low,App,Home,Beds,Serta,iComfort,2093.0,1900.0,1.0,1.03,2093.0,10.0,184.0,Debit Card,4.0
2023-10-06,26-35,NY,Other,Low,Organic,Electronics,Smartphones,Samsung,Galaxy Z Fold 5,1661.0,1500.0,1.0,0.76,1661.0,8.0,153.0,Digital Wallet,3.0
2023-10-06,36-45,PA,Male,Low,Organic,Clothing,Jeans,Levis,Slim Fit,67.0,50.0,3.0,1.97,202.0,6.0,46.0,Digital Wallet,5.0
2023-10-06,66+,OH,Female,Middle,Affiliates,Home,Beds,Serta,iComfort,2094.0,1900.0,1.0,1.91,2094.0,12.0,182.0,Digital Wallet,4.0
2023-10-06,36-45,PA,Female,Middle,App,Clothing,T-Shirts,Adidas,Performance,55.0,45.0,2.0,0.86,111.0,4.0,17.0,Credit Card,4.0
2023-10-06,56-65,GA,Female,Low,Others,Clothing,T-Shirts,Adidas,Performance,55.0,45.0,2.0,0.66,110.0,3.0,17.0,BNPL,3.0
2023-10-06,66+,NY,Female,High,Affiliates,Clothing,T-Shirts,Nike,Dry-FIT,27.0,20.0,1.0,1.72,27.0,4.0,3.0,Digital Wallet,3.0
2023-10-06,26-35,NY,Other,Middle,Organic,Electronics,Smartphones,Apple,iPhone 15,999.0,800.0,1.0,1.55,999.0,8.0,191.0,Digital Wallet,10.0
2023-10-06,26-35,OH,Other,Middle,App,Beauty,Skincare,Neutrogena,Rapid Wrinkle Repair,25.0,20.0,4.0,1.72,99.0,3.0,16.0,Digital Wallet,3.0
2023-10-06,18-25,CA,Male,High,Affiliates,Electronics,Smartphones,Apple,iPhone 14,875.0,700.0,4.0,1.4,3501.0,18.0,683.0,Credit Card,4.0
2023-10-06,56-65,IL,Male,Middle,PPC,Beauty,Makeup,Maybelline,Lash Sensational Mascara,14.0,10.0,2.0,1.46,27.0,3.0,4.0,Digital Wallet,4.0
2023-10-06,66+,FL,Female,Low,Organic,Electronics,Smartphones,Samsung,Galaxy A32,331.0,250.0,3.0,0.66,994.0,16.0,228.0,Debit Card,4.0
2023-10-06,56-65,PA,Male,Middle,Affiliates,Home,Beds,Tempur-Pedic,Contour Elite,1757.0,1700.0,1.0,1.52,1757.0,13.0,44.0,Debit Card,4.0
2023-10-06,26-35,NY,Other,Low,Others,Clothing,Jeans,Levis,Slim Fit,55.0,50.0,2.0,0.89,110.0,6.0,5.0,BNPL,4.0
2023-10-06,36-45,GA,Male,Middle,Organic,Home,Beds,Tempur-Pedic,Contour Elite,1672.0,1700.0,1.0,1.76,1672.0,11.0,-39.0,Debit Card,4.0
2023-10-06,66+,NY,Male,Middle,Others,Electronics,Smartphones,Samsung,Galaxy A32,304.0,250.0,2.0,0.52,607.0,13.0,95.0,Credit Card,3.0
2023-10-06,36-45,CA,Female,Middle,Others,Clothing,T-Shirts,Adidas,Performance,52.0,45.0,5.0,0.74,259.0,4.0,31.0,Digital Wallet,4.0
2023-10-06,56-65,MI,Other,Middle,Affiliates,Home,Furniture,IKEA,Kallax Shelf,47.0,60.0,1.0,0.79,47.0,12.0,-26.0,Credit Card,5.0
2023-10-06,26-35,CA,Male,Low,App,Clothing,Jeans,Wrangler,Authentics,45.0,30.0,1.0,0.94,45.0,3.0,12.0,BNPL,3.0
2023-10-06,46-55,TX,Female,Middle,Affiliates,Clothing,Jeans,Levis,501 Original,75.0,60.0,1.0,0.53,75.0,3.0,12.0,Debit Card,4.0
2023-10-06,18-25,PA,Male,Middle,Email,Electronics,Laptops,HP,Envy,854.0,700.0,2.0,1.78,1708.0,17.0,291.0,Digital Wallet,5.0
2023-10-06,36-45,FL,Male,Middle,Others,Clothing,T-Shirts,Nike,Sportswear,37.0,25.0,4.0,1.03,147.0,5.0,41.0,Credit Card,4.0
2023-10-06,56-65,TX,Female,High,Organic,Electronics,Laptops,Apple Laptop,MacBook Pro M3,1680.0,1500.0,1.0,1.79,1680.0,8.0,172.0,Debit Card,6.0
2023-10-06,36-45,CA,Female,Middle,Others,Clothing,Jeans,Wrangler,Authentics,51.0,30.0,1.0,1.77,51.0,3.0,18.0,Debit Card,2.0
2023-10-06,18-25,CA,Other,Middle,Organic,Beauty,Makeup,Maybelline,Lash Sensational Mascara,14.0,10.0,6.0,1.08,82.0,3.0,19.0,Credit Card,7.0
2023-10-06,26-35,NY,Female,High,Email,Home,Beds,Tempur-Pedic,Cloud Supreme,1798.0,1800.0,2.0,1.01,3596.0,27.0,-30.0,Debit Card,2.0
2023-10-06,56-65,CA,Male,Middle,Others,Clothing,T-Shirts,Adidas,Performance,69.0,45.0,1.0,1.86,69.0,3.0,21.0,BNPL,2.0
2023-10-06,46-55,IL,Male,High,Organic,Electronics,Smartphones,Samsung,Galaxy A32,296.0,250.0,3.0,1.07,887.0,17.0,120.0,Debit Card,5.0
2023-10-06,56-65,NC,Male,Low,Affiliates,Electronics,Smartphones,Samsung,Galaxy Z Fold 5,1551.0,1500.0,3.0,1.57,4652.0,19.0,133.0,BNPL,5.0
2023-10-06,36-45,NC,Female,High,Others,Electronics,Laptops,Apple Laptop,MacBook Pro M2,1179.0,1200.0,1.0,1.0,1179.0,12.0,-33.0,Credit Card,4.0
2023-10-06,46-55,CA,Female,Middle,Organic,Electronics,Smartphones,Samsung,Galaxy S21,778.0,500.0,3.0,1.78,2333.0,13.0,820.0,Debit Card,3.0
2023-10-06,18-25,TX,Male,Middle,Organic,Beauty,Makeup,Maybelline,Lash Sensational Mascara,14.0,10.0,1.0,1.93,14.0,3.0,1.0,Debit Card,2.0
2023-10-06,26-35,TX,Female,Middle,App,Home,Beds,Serta,Perfect Sleeper,855.0,750.0,2.0,1.99,1711.0,24.0,187.0,Debit Card,3.0
2023-10-06,18-25,PA,Male,Middle,Email,Clothing,Jeans,Wrangler,Regular Fit,50.0,35.0,15.0,1.06,745.0,24.0,197.0,Credit Card,10.0
2023-10-06,66+,CA,Female,Middle,Organic,Electronics,Laptops,HP,Pavilion,772.0,600.0,2.0,0.58,1544.0,14.0,330.0,BNPL,4.0
2023-10-06,26-35,TX,Male,Middle,Organic,Clothing,T-Shirts,Nike,Sportswear,36.0,25.0,3.0,0.61,108.0,3.0,30.0,BNPL,4.0
2023-10-06,46-55,TX,Other,Middle,App,Electronics,Laptops,HP,Envy,805.0,700.0,2.0,0.66,1610.0,16.0,195.0,Credit Card,8.0
2023-10-06,26-35,MI,Male,Low,Email,Electronics,Smartphones,Apple,iPhone 15,982.0,800.0,3.0,1.23,2947.0,17.0,530.0,Debit Card,2.0
2023-10-06,56-65,CA,Male,Low,App,Electronics,Laptops,HP,Envy,904.0,700.0,1.0,1.16,904.0,6.0,198.0,BNPL,2.0
2023-10-06,46-55,NC,Male,High,Others,Home,Furniture,Ashley Furniture,Sofa,444.0,300.0,2.0,1.55,887.0,24.0,263.0,Credit Card,5.0
2023-10-06,36-45,MI,Other,Middle,App,Beauty,Makeup,Maybelline,Lash Sensational Mascara,13.0,10.0,2.0,0.77,25.0,3.0,2.0,BNPL,3.0
2023-10-06,46-55,CA,Male,Middle,Others,Home,Beds,Tempur-Pedic,Contour Elite,1805.0,1700.0,2.0,1.45,3611.0,22.0,189.0,Digital Wallet,3.0
2023-10-06,26-35,NC,Female,Low,Organic,Beauty,Makeup,Revlon,ColorStay Lipstick,17.0,15.0,1.0,1.9,17.0,4.0,-2.0,Debit Card,4.0
2023-10-06,26-35,CA,Female,High,Affiliates,Home,Beds,Tempur-Pedic,Contour Elite,1764.0,1700.0,1.0,1.55,1764.0,10.0,54.0,Debit Card,4.0
2023-10-06,46-55,CA,Male,High,App,Clothing,Jeans,Wrangler,Regular Fit,60.0,35.0,3.0,0.71,180.0,3.0,72.0,Debit Card,3.0
2023-10-06,36-45,MI,Female,Low,Email,Electronics,Laptops,Apple Laptop,MacBook Air M2,1229.0,1000.0,2.0,1.12,2457.0,18.0,439.0,Credit Card,5.0
2023-10-06,26-35,CA,Female,Low,App,Home,Beds,Tempur-Pedic,Contour Elite,1646.0,1700.0,2.0,1.34,3292.0,22.0,-130.0,BNPL,4.0
2023-10-06,66+,GA,Male,Middle,Email,Beauty,Makeup,Maybelline,Fit Me Foundation,19.0,15.0,5.0,0.52,93.0,3.0,15.0,Credit Card,5.0
2023-10-06,26-35,CA,Male,Middle,App,Electronics,Laptops,Apple Laptop,MacBook Air M2,1156.0,1000.0,1.0,1.0,1156.0,6.0,150.0,Digital Wallet,3.0
2023-10-06,46-55,TX,Female,Low,App,Home,Furniture,IKEA,Kallax Shelf,53.0,60.0,2.0,1.77,106.0,20.0,-33.0,Credit Card,4.0
2023-10-06,46-55,CA,Other,Middle,App,Home,Beds,Tempur-Pedic,Contour Elite,1668.0,1700.0,1.0,1.79,1668.0,10.0,-42.0,Credit Card,4.0
2023-10-06,26-35,GA,Female,High,Others,Beauty,Makeup,Maybelline,Fit Me Foundation,17.0,15.0,1.0,0.54,17.0,3.0,-1.0,Digital Wallet,2.0
2023-10-06,66+,NC,Female,Middle,Affiliates,Electronics,Smartphones,Apple,iPhone 15,930.0,800.0,2.0,1.86,1861.0,14.0,247.0,Credit Card,5.0
2023-10-06,66+,TX,Other,High,Affiliates,Electronics,Smartphones,Apple,iPhone 15,958.0,800.0,1.0,1.91,958.0,5.0,154.0,Digital Wallet,3.0
2023-10-06,26-35,NC,Other,Low,Organic,Beauty,Makeup,Maybelline,Fit Me Foundation,14.0,15.0,1.0,1.46,14.0,4.0,-5.0,Debit Card,5.0
2023-10-06,18-25,FL,Male,Middle,App,Clothing,Jeans,Wrangler,Regular Fit,64.0,35.0,3.0,1.68,192.0,5.0,82.0,Debit Card,3.0
2023-10-06,66+,TX,Male,High,Organic,Beauty,Makeup,Maybelline,Lash Sensational Mascara,15.0,10.0,4.0,0.63,62.0,3.0,19.0,Debit Card,5.0
2023-10-06,36-45,TX,Female,Middle,Email,Electronics,Laptops,Apple Laptop,MacBook Pro M3,1679.0,1500.0,1.0,0.51,1679.0,8.0,172.0,Digital Wallet,3.0
2023-10-06,66+,IL,Male,High,App,Beauty,Makeup,Revlon,ColorStay Lipstick,17.0,15.0,4.0,1.14,70.0,4.0,6.0,Debit Card,5.0
2023-10-06,56-65,NY,Other,Middle,Affiliates,Electronics,Smartphones,Samsung,Galaxy Z Fold 5,1559.0,1500.0,2.0,0.82,3118.0,13.0,106.0,BNPL,4.0
2023-10-06,26-35,PA,Male,Middle,App,Clothing,Jeans,Wrangler,Authentics,46.0,30.0,3.0,1.12,137.0,6.0,41.0,Credit Card,4.0
2023-10-06,66+,NY,Male,Middle,Affiliates,Clothing,T-Shirts,Adidas,Essentials,31.0,35.0,4.0,1.99,124.0,7.0,-23.0,Credit Card,4.0
2023-10-06,66+,TX,Other,High,App,Electronics,Smartphones,Samsung,Galaxy A32,315.0,250.0,3.0,1.39,945.0,15.0,180.0,Credit Card,4.0
2023-10-06,46-55,PA,Male,Middle,Email,Electronics,Laptops,Apple Laptop,MacBook Air M2,1166.0,1000.0,2.0,0.96,2333.0,17.0,315.0,Digital Wallet,4.0
2023-10-06,66+,NY,Female,Middle,Affiliates,Beauty,Skincare,Neutrogena,Hydro Boost Gel,23.0,20.0,3.0,1.93,68.0,5.0,3.0,Debit Card,5.0
2023-10-06,26-35,FL,Male,Low,Email,Electronics,Laptops,Apple Laptop,MacBook Air M1,897.0,900.0,2.0,0.9,1794.0,17.0,-23.0,Credit Card,3.0
2023-10-06,26-35,NY,Male,Middle,App,Clothing,Jeans,Levis,501 Original,71.0,60.0,1.0,0.88,71.0,4.0,7.0,Credit Card,3.0
2023-10-06,18-25,CA,Male,Middle,Others,Beauty,Makeup,Maybelline,Lash Sensational Mascara,9.0,10.0,3.0,1.15,27.0,3.0,-6.0,Credit Card,4.0
2023-10-06,56-65,FL,Female,Low,App,Electronics,Smartphones,Apple,iPhone SE,553.0,400.0,2.0,0.79,1107.0,11.0,296.0,Digital Wallet,4.0
2023-10-06,46-55,CA,Other,Middle,Organic,Clothing,T-Shirts,Nike,Pro,46.0,30.0,1.0,1.47,46.0,3.0,13.0,Digital Wallet,4.0
2023-10-06,26-35,OH,Male,Middle,Organic,Clothing,T-Shirts,Adidas,Performance,71.0,45.0,3.0,1.07,213.0,4.0,74.0,Digital Wallet,5.0
2023-10-06,46-55,NY,Male,Middle,Organic,Electronics,Laptops,HP,Envy,818.0,700.0,1.0,1.93,818.0,11.0,108.0,Digital Wallet,3.0
2023-10-06,26-35,FL,Female,Middle,Affiliates,Beauty,Makeup,Maybelline,Lash Sensational Mascara,9.0,10.0,3.0,1.04,26.0,3.0,-7.0,Digital Wallet,4.0
2023-10-06,18-25,TX,Other,Middle,Others,Home,Furniture,IKEA,Kallax Shelf,78.0,60.0,2.0,0.97,157.0,20.0,17.0,Debit Card,5.0
2023-10-06,36-45,OH,Male,Low,Organic,Electronics,Smartphones,Apple,iPhone 14,944.0,700.0,3.0,1.39,2832.0,15.0,717.0,BNPL,4.0
2023-10-06,36-45,TX,Other,Low,Email,Clothing,T-Shirts,Nike,Pro,53.0,30.0,1.0,0.84,53.0,3.0,20.0,Debit Card,4.0
2023-10-06,18-25,FL,Male,Low,App,Beauty,Makeup,Revlon,PhotoReady Concealer,17.0,12.0,5.0,1.86,86.0,4.0,23.0,Digital Wallet,5.0
2023-10-06,56-65,NC,Female,Middle,App,Home,Beds,Tempur-Pedic,Cloud Supreme,1835.0,1800.0,1.0,1.12,1835.0,16.0,20.0,Credit Card,4.0
2023-10-06,46-55,IL,Male,High,App,Clothing,T-Shirts,Adidas,Performance,66.0,45.0,1.0,1.75,66.0,3.0,18.0,Digital Wallet,5.0
2023-10-06,26-35,TX,Male,Low,App,Electronics,Smartphones,Apple,iPhone 14,920.0,700.0,2.0,1.03,1841.0,10.0,431.0,Debit Card,3.0
2023-10-06,18-25,TX,Male,High,App,Electronics,Smartphones,Apple,iPhone 14,854.0,700.0,2.0,0.75,1708.0,10.0,298.0,Credit Card,3.0
2023-10-06,26-35,NY,Female,Middle,Others,Electronics,Smartphones,Apple,iPhone 15,983.0,800.0,1.0,0.6,983.0,8.0,175.0,Digital Wallet,3.0
2023-10-06,56-65,PA,Male,Middle,Organic,Clothing,Jeans,Wrangler,Regular Fit,51.0,35.0,1.0,0.94,51.0,3.0,13.0,Credit Card,2.0
2023-10-06,26-35,IL,Other,Middle,App,Electronics,Laptops,Apple Laptop,MacBook Air M1,909.0,900.0,2.0,1.24,1817.0,18.0,-1.0,Debit Card,4.0
2023-10-06,26-35,IL,Female,Middle,Organic,Beauty,Makeup,Maybelline,Lash Sensational Mascara,10.0,10.0,2.0,0.87,20.0,3.0,-3.0,Credit Card,3.0
2023-10-06,46-55,NY,Female,Middle,App,Beauty,Makeup,Maybelline,Fit Me Foundation,21.0,15.0,1.0,1.44,21.0,3.0,2.0,Digital Wallet,6.0
2023-10-06,18-25,CA,Other,Low,Organic,Clothing,T-Shirts,Nike,Pro,45.0,30.0,3.0,1.11,135.0,3.0,42.0,Credit Card,4.0
2023-10-06,36-45,TX,Female,Middle,Affiliates,Home,Beds,Serta,Perfect Sleeper,870.0,750.0,2.0,0.84,1741.0,24.0,217.0,Credit Card,4.0
2023-10-06,26-35,CA,Male,Middle,App,Beauty,Makeup,Maybelline,Fit Me Foundation,15.0,15.0,3.0,0.84,45.0,3.0,-3.0,Digital Wallet,2.0
2023-10-06,46-55,IL,Female,Middle,App,Home,Beds,Serta,Perfect Sleeper,860.0,750.0,2.0,0.57,1720.0,26.0,195.0,Debit Card,5.0
2023-10-06,46-55,GA,Female,Middle,Email,Electronics,Laptops,Apple Laptop,MacBook Pro M2,1224.0,1200.0,1.0,1.52,1224.0,7.0,17.0,Debit Card,3.0
2023-10-06,66+,NY,Female,Low,Email,Electronics,Laptops,Dell,Inspiron,721.0,600.0,2.0,1.34,1443.0,19.0,224.0,Digital Wallet,5.0
2023-10-06,66+,CA,Other,Middle,PPC,Electronics,Smartphones,Samsung,Galaxy A32,327.0,250.0,1.0,1.88,327.0,3.0,74.0,Digital Wallet,9.0
2023-10-06,18-25,CA,Other,Middle,Email,Electronics,Smartphones,Apple,iPhone 14,882.0,700.0,1.0,1.47,882.0,3.0,179.0,Debit Card,3.0
2023-10-06,26-35,PA,Female,Middle,App,Clothing,T-Shirts,Adidas,Essentials,34.0,35.0,1.0,1.71,34.0,3.0,-4.0,Digital Wallet,3.0
2023-10-06,26-35,NY,Male,Middle,Organic,Clothing,T-Shirts,Nike,Dry-FIT,27.0,20.0,2.0,1.42,55.0,5.0,10.0,Debit Card,4.0
2023-10-06,26-35,CA,Female,High,Affiliates,Clothing,T-Shirts,Nike,Dry-FIT,30.0,20.0,14.0,0.97,422.0,14.0,127.0,Credit Card,9.0
2023-10-06,26-35,CA,Male,Middle,Affiliates,Electronics,Smartphones,Apple,iPhone 14,879.0,700.0,3.0,1.23,2637.0,13.0,524.0,Digital Wallet,4.0
2023-10-06,36-45,TX,Male,Middle,Email,Clothing,Jeans,Levis,Slim Fit,65.0,50.0,1.0,1.1,65.0,3.0,12.0,Debit Card,3.0
2023-10-06,46-55,FL,Female,Middle,App,Beauty,Makeup,Maybelline,Fit Me Foundation,16.0,15.0,3.0,1.31,47.0,3.0,-1.0,Credit Card,4.0
2023-10-06,36-45,PA,Female,Middle,Organic,Clothing,T-Shirts,Nike,Dry-FIT,26.0,20.0,1.0,1.69,26.0,3.0,3.0,BNPL,4.0
2023-10-06,56-65,NY,Female,Low,Email,Home,Beds,Serta,iComfort,2128.0,1900.0,2.0,1.45,4257.0,27.0,430.0,Debit Card,4.0
2023-10-06,66+,TX,Other,High,Email,Clothing,Jeans,Levis,Bootcut,105.0,100.0,1.0,0.51,105.0,3.0,2.0,Credit Card,3.0
2023-10-06,26-35,NY,Female,Low,Affiliates,Clothing,Jeans,Levis,Bootcut,129.0,100.0,1.0,0.52,129.0,4.0,25.0,Digital Wallet,4.0
2023-10-06,18-25,NC,Other,Middle,Organic,Beauty,Makeup,Maybelline,Fit Me Foundation,19.0,15.0,3.0,1.82,57.0,5.0,6.0,Digital Wallet,7.0
2023-10-06,56-65,CA,Female,High,Affiliates,Home,Beds,Serta,iComfort,1990.0,1900.0,2.0,0.56,3981.0,22.0,159.0,Credit Card,5.0
2023-10-06,18-25,PA,Male,Middle,App,Beauty,Makeup,Maybelline,Fit Me Foundation,17.0,15.0,5.0,1.48,85.0,4.0,6.0,Digital Wallet,5.0
2023-10-06,36-45,FL,Male,Middle,Email,Clothing,T-Shirts,Nike,Dry-FIT,31.0,20.0,4.0,0.8,125.0,5.0,40.0,Debit Card,4.0
2023-10-06,46-55,NY,Male,High,Organic,Electronics,Smartphones,Samsung,Galaxy S21,657.0,500.0,1.0,1.59,657.0,8.0,150.0,Credit Card,4.0
2023-10-06,26-35,GA,Female,Low,Organic,Clothing,Jeans,Wrangler,Authentics,42.0,30.0,2.0,0.96,83.0,3.0,20.0,Digital Wallet,6.0
2023-10-06,66+,TX,Male,Middle,Email,Electronics,Smartphones,Apple,iPhone 15,989.0,800.0,3.0,0.88,2967.0,15.0,553.0,Credit Card,5.0
2023-10-06,36-45,MI,Female,Middle,Email,Electronics,Smartphones,Apple,iPhone 14,898.0,700.0,1.0,1.09,898.0,7.0,191.0,BNPL,3.0
2023-10-06,46-55,CA,Female,Low,Affiliates,Beauty,Skincare,Neutrogena,Hydro Boost Gel,24.0,20.0,3.0,1.42,72.0,3.0,9.0,Debit Card,3.0
2023-10-06,56-65,PA,Male,High,Affiliates,Clothing,T-Shirts,Nike,Pro,46.0,30.0,1.0,1.9,46.0,3.0,13.0,Debit Card,3.0
2023-10-06,56-65,CA,Male,Middle,Affiliates,Clothing,T-Shirts,Adidas,Performance,68.0,45.0,1.0,1.11,68.0,3.0,20.0,Digital Wallet,2.0
2023-10-06,26-35,NY,Female,Low,App,Beauty,Skincare,Neutrogena,Oil-Free Acne Wash,21.0,15.0,2.0,1.35,42.0,4.0,8.0,Credit Card,3.0
2023-10-06,18-25,NY,Other,Middle,Email,Clothing,Jeans,Wrangler,Authentics,45.0,30.0,1.0,1.7,45.0,4.0,10.0,Digital Wallet,3.0
2023-10-06,36-45,PA,Female,Low,Email,Beauty,Makeup,Revlon,ColorStay Lipstick,17.0,15.0,4.0,0.92,70.0,4.0,6.0,Digital Wallet,4.0
2023-10-06,56-65,FL,Male,High,Organic,Beauty,Makeup,Maybelline,Lash Sensational Mascara,14.0,10.0,5.0,1.04,70.0,4.0,16.0,Digital Wallet,4.0
2023-10-06,26-35,CA,Female,High,Email,Clothing,Jeans,Wrangler,Authentics,34.0,30.0,2.0,0.97,67.0,3.0,4.0,Credit Card,3.0
2023-10-06,56-65,OH,Male,Low,Organic,Clothing,Jeans,Levis,Bootcut,110.0,100.0,1.0,1.85,110.0,3.0,7.0,Digital Wallet,2.0
2023-10-06,56-65,CA,Male,High,Organic,Home,Furniture,IKEA,Kallax Shelf,92.0,60.0,2.0,1.32,183.0,18.0,46.0,Credit Card,5.0
2023-10-06,36-45,PA,Female,Middle,Affiliates,Electronics,Smartphones,Samsung,Galaxy S21,674.0,500.0,1.0,0.94,674.0,6.0,167.0,Digital Wallet,3.0
2023-10-06,36-45,OH,Male,High,Email,Beauty,Skincare,Neutrogena,Hydro Boost Gel,24.0,20.0,4.0,1.18,96.0,3.0,13.0,Digital Wallet,5.0
2023-10-06,56-65,CA,Female,Middle,PPC,Beauty,Makeup,Maybelline,Fit Me Foundation,21.0,15.0,3.0,1.42,63.0,3.0,15.0,Digital Wallet,4.0
2023-10-06,18-25,NY,Male,High,Organic,Home,Beds,Serta,iComfort,2048.0,1900.0,2.0,0.9,4097.0,27.0,270.0,Credit Card,6.0
2023-10-06,18-25,MI,Male,Low,App,Electronics,Smartphones,Apple,iPhone 15,965.0,800.0,3.0,1.31,2894.0,17.0,477.0,Digital Wallet,7.0
2023-10-06,66+,CA,Other,High,Organic,Clothing,T-Shirts,Adidas,Performance,65.0,45.0,4.0,1.44,258.0,3.0,75.0,Credit Card,5.0
2023-10-06,18-25,CA,Female,High,Affiliates,Clothing,T-Shirts,Nike,Dry-FIT,27.0,20.0,1.0,1.89,27.0,3.0,4.0,BNPL,2.0
2023-10-06,26-35,NY,Male,High,Email,Clothing,T-Shirts,Nike,Pro,46.0,30.0,5.0,0.88,230.0,9.0,71.0,Credit Card,7.0
2023-10-06,66+,TX,Other,Middle,App,Beauty,Makeup,Maybelline,Fit Me Foundation,17.0,15.0,4.0,1.24,68.0,3.0,5.0,Digital Wallet,4.0
2023-10-06,36-45,MI,Female,Middle,Email,Electronics,Smartphones,Apple,iPhone 14,867.0,700.0,2.0,1.49,1734.0,12.0,322.0,Credit Card,4.0
2023-10-06,26-35,TX,Female,Middle,App,Electronics,Smartphones,Apple,iPhone 15,1013.0,800.0,1.0,1.62,1013.0,5.0,209.0,Debit Card,2.0
2023-10-06,36-45,PA,Other,Middle,App,Electronics,Laptops,Dell,Inspiron,743.0,600.0,1.0,0.51,743.0,9.0,134.0,Credit Card,3.0
2023-10-06,56-65,NY,Other,Low,Affiliates,Clothing,T-Shirts,Nike,Pro,51.0,30.0,3.0,1.04,153.0,6.0,57.0,Credit Card,4.0
2023-10-06,46-55,FL,Other,Middle,PPC,Clothing,Jeans,Levis,Slim Fit,65.0,50.0,1.0,0.61,65.0,3.0,12.0,Debit Card,3.0
2023-10-06,18-25,GA,Male,High,PPC,Electronics,Laptops,Apple Laptop,MacBook Air M2,1262.0,1000.0,1.0,0.7,1262.0,7.0,255.0,Debit Card,4.0
2023-10-06,36-45,OH,Female,High,Organic,Clothing,T-Shirts,Nike,Dry-FIT,32.0,20.0,2.0,0.65,64.0,3.0,21.0,Digital Wallet,4.0
2023-10-06,26-35,PA,Other,Middle,App,Electronics,Smartphones,Apple,iPhone 15,1012.0,800.0,1.0,1.11,1012.0,6.0,206.0,Debit Card,4.0
2023-10-06,26-35,NC,Other,Low,Email,Beauty,Skincare,Neutrogena,Rapid Wrinkle Repair,28.0,20.0,2.0,1.35,56.0,5.0,11.0,Digital Wallet,4.0
2023-10-06,36-45,FL,Female,Low,App,Home,Furniture,Ashley Furniture,Sofa,441.0,300.0,1.0,0.82,441.0,11.0,130.0,Credit Card,4.0
2023-10-06,26-35,TX,Male,High,PPC,Clothing,Jeans,Levis,501 Original,77.0,60.0,3.0,1.76,231.0,4.0,47.0,Credit Card,5.0
2023-10-06,56-65,NY,Female,Low,PPC,Beauty,Makeup,Maybelline,Lash Sensational Mascara,15.0,10.0,4.0,1.7,59.0,5.0,14.0,Digital Wallet,5.0
2023-10-06,18-25,FL,Male,Middle,Affiliates,Beauty,Skincare,Neutrogena,Rapid Wrinkle Repair,25.0,20.0,3.0,0.6,74.0,3.0,11.0,Debit Card,3.0
2023-10-06,46-55,PA,Male,Low,App,Electronics,Smartphones,Samsung,Galaxy S21,663.0,500.0,2.0,1.09,1327.0,11.0,316.0,BNPL,4.0
2023-10-06,56-65,NY,Female,Low,App,Home,Furniture,Ashley Furniture,Dining Table,281.0,200.0,2.0,0.83,562.0,23.0,140.0,Credit Card,6.0
2023-10-06,18-25,CA,Male,Middle,Others,Home,Furniture,IKEA,Kallax Shelf,70.0,60.0,1.0,1.1,70.0,8.0,2.0,Digital Wallet,6.0
2023-10-06,56-65,PA,Other,High,Affiliates,Beauty,Makeup,Maybelline,Fit Me Foundation,17.0,15.0,3.0,0.95,52.0,3.0,4.0,Digital Wallet,3.0
2023-10-06,18-25,NC,Male,Middle,Email,Electronics,Laptops,Apple Laptop,MacBook Pro M2,1234.0,1200.0,1.0,0.71,1234.0,12.0,23.0,Digital Wallet,4.0
2023-10-06,56-65,NY,Other,Middle,Email,Beauty,Skincare,Neutrogena,Hydro Boost Gel,28.0,20.0,1.0,0.72,28.0,3.0,4.0,Digital Wallet,4.0
2023-10-06,18-25,CA,Male,Low,Affiliates,Clothing,T-Shirts,Adidas,Performance,59.0,45.0,3.0,1.43,178.0,3.0,40.0,Digital Wallet,3.0
2023-10-06,56-65,PA,Other,Middle,Organic,Electronics,Smartphones,Apple,iPhone 14,889.0,700.0,2.0,1.13,1778.0,11.0,367.0,Credit Card,4.0
2023-10-06,66+,IL,Male,Middle,Others,Beauty,Makeup,Maybelline,Lash Sensational Mascara,13.0,10.0,5.0,1.0,63.0,5.0,8.0,Debit Card,7.0
2023-10-06,36-45,PA,Female,Middle,Email,Clothing,Jeans,Wrangler,Authentics,47.0,30.0,2.0,0.51,94.0,4.0,30.0,Credit Card,5.0
2023-10-06,26-35,PA,Female,High,App,Clothing,Jeans,Wrangler,Authentics,38.0,30.0,2.0,1.66,76.0,4.0,12.0,Debit Card,3.0
2023-10-06,26-35,CA,Male,Middle,PPC,Beauty,Makeup,Maybelline,Fit Me Foundation,20.0,15.0,3.0,1.05,61.0,3.0,13.0,Digital Wallet,3.0
2023-10-06,26-35,NC,Female,Middle,Affiliates,Beauty,Makeup,Maybelline,Lash Sensational Mascara,15.0,10.0,3.0,1.82,45.0,5.0,10.0,Digital Wallet,4.0
2023-10-06,46-55,FL,Other,Low,Organic,Clothing,T-Shirts,Nike,Dry-FIT,23.0,20.0,3.0,1.38,68.0,4.0,3.0,Digital Wallet,6.0
2023-10-06,36-45,NC,Other,High,Organic,Clothing,Jeans,Levis,501 Original,79.0,60.0,3.0,1.57,236.0,8.0,48.0,Credit Card,5.0
2023-10-06,56-65,FL,Female,Middle,Affiliates,Clothing,T-Shirts,Adidas,Performance,54.0,45.0,1.0,1.7,54.0,3.0,6.0,Digital Wallet,4.0
2023-10-06,26-35,NY,Other,High,Organic,Electronics,Smartphones,Samsung,Galaxy Z Fold 5,1549.0,1500.0,1.0,0.77,1549.0,8.0,42.0,Digital Wallet,4.0
2023-10-06,26-35,TX,Female,Low,Organic,Home,Beds,Serta,Perfect Sleeper,816.0,750.0,2.0,1.93,1632.0,24.0,108.0,Digital Wallet,6.0
2023-10-06,56-65,GA,Female,High,Affiliates,Beauty,Skincare,Neutrogena,Oil-Free Acne Wash,17.0,15.0,2.0,1.69,34.0,3.0,1.0,Digital Wallet,3.0
2023-10-06,46-55,FL,Female,Low,PPC,Electronics,Smartphones,Apple,iPhone 15,938.0,800.0,2.0,1.5,1876.0,11.0,265.0,Debit Card,5.0
2023-10-06,18-25,NY,Female,High,PPC,Clothing,Jeans,Wrangler,Regular Fit,51.0,35.0,1.0,0.84,51.0,4.0,11.0,BNPL,4.0
2023-10-06,56-65,TX,Male,High,Organic,Clothing,Jeans,Wrangler,Authentics,44.0,30.0,3.0,1.29,133.0,4.0,39.0,Credit Card,4.0
2023-10-06,36-45,FL,Female,Low,Organic,Electronics,Laptops,Dell,Inspiron,781.0,600.0,2.0,1.58,1562.0,17.0,345.0,Digital Wallet,5.0
2023-10-06,26-35,IL,Female,Middle,Affiliates,Beauty,Makeup,Maybelline,Lash Sensational Mascara,12.0,10.0,2.0,1.03,24.0,3.0,1.0,Credit Card,2.0
2023-10-06,66+,IL,Female,Low,Email,Clothing,T-Shirts,Nike,Sportswear,36.0,25.0,5.0,1.91,178.0,8.0,46.0,Digital Wallet,6.0
2023-10-06,36-45,CA,Female,Low,Organic,Clothing,T-Shirts,Nike,Sportswear,36.0,25.0,5.0,1.22,181.0,4.0,53.0,Digital Wallet,5.0
2023-10-06,46-55,TX,Other,Middle,Organic,Electronics,Smartphones,Apple,iPhone 15,889.0,800.0,3.0,1.99,2668.0,15.0,253.0,Digital Wallet,4.0
2023-10-06,18-25,OH,Female,Low,Organic,Clothing,Jeans,Levis,Bootcut,107.0,100.0,1.0,0.93,107.0,3.0,4.0,Digital Wallet,5.0
2023-10-06,26-35,NY,Male,Middle,Others,Clothing,T-Shirts,Nike,Pro,45.0,30.0,1.0,1.77,45.0,4.0,11.0,BNPL,3.0
2023-10-06,26-35,FL,Male,Low,Email,Home,Furniture,IKEA,Kallax Shelf,102.0,60.0,1.0,1.32,102.0,11.0,32.0,Credit Card,3.0
2023-10-06,56-65,CA,Other,High,Others,Clothing,Jeans,Levis,501 Original,82.0,60.0,13.0,0.58,1060.0,17.0,263.0,Credit Card,9.0
2023-10-06,18-25,TX,Male,Low,Email,Home,Furniture,IKEA,Kallax Shelf,66.0,60.0,2.0,0.7,132.0,20.0,-8.0,Credit Card,9.0
2023-10-06,36-45,NC,Female,Middle,Others,Electronics,Smartphones,Apple,iPhone 15,950.0,800.0,1.0,1.43,950.0,9.0,141.0,Credit Card,3.0
2023-10-06,26-35,MI,Female,Middle,Organic,Electronics,Smartphones,Apple,iPhone SE,544.0,400.0,1.0,1.19,544.0,7.0,137.0,Digital Wallet,3.0
2023-10-06,56-65,CA,Female,Middle,Affiliates,Home,Beds,Serta,iComfort,2192.0,1900.0,2.0,1.36,4385.0,22.0,563.0,Credit Card,4.0
2023-10-06,56-65,TX,Male,Middle,App,Electronics,Smartphones,Apple,iPhone 15,947.0,800.0,3.0,1.71,2842.0,15.0,427.0,Debit Card,4.0
2023-10-06,26-35,IL,Other,Low,Others,Beauty,Makeup,Revlon,ColorStay Lipstick,21.0,15.0,6.0,1.78,124.0,5.0,29.0,Credit Card,5.0
2023-10-06,56-65,MI,Female,Middle,Affiliates,Electronics,Smartphones,Apple,iPhone SE,549.0,400.0,2.0,1.88,1099.0,12.0,287.0,Credit Card,2.0
2023-10-06,26-35,OH,Other,High,Others,Beauty,Makeup,Maybelline,Lash Sensational Mascara,16.0,10.0,4.0,1.84,62.0,3.0,19.0,Digital Wallet,7.0
2023-10-06,66+,FL,Female,Low,Email,Home,Beds,Tempur-Pedic,Cloud Supreme,1801.0,1800.0,2.0,1.04,3601.0,25.0,-24.0,BNPL,3.0
2023-10-06,26-35,TX,Male,Low,Organic,Beauty,Makeup,Revlon,PhotoReady Concealer,16.0,12.0,4.0,1.96,64.0,3.0,13.0,Credit Card,3.0
2023-10-06,46-55,IL,Male,Middle,App,Clothing,Jeans,Wrangler,Regular Fit,57.0,35.0,1.0,0.77,57.0,3.0,18.0,Credit Card,3.0
2023-10-06,26-35,CA,Female,Low,Affiliates,Beauty,Makeup,Maybelline,Fit Me Foundation,16.0,15.0,6.0,1.58,93.0,3.0,0.0,Credit Card,3.0
2023-10-06,26-35,TX,Female,Middle,App,Beauty,Makeup,Revlon,ColorStay Lipstick,17.0,15.0,2.0,1.66,34.0,3.0,1.0,Digital Wallet,2.0
2023-10-06,26-35,TX,Female,Low,App,Electronics,Smartphones,Apple,iPhone 15,972.0,800.0,1.0,1.56,972.0,5.0,167.0,Debit Card,3.0
2023-10-06,46-55,FL,Other,Middle,App,Home,Furniture,IKEA,Billy Bookcase,118.0,100.0,1.0,0.86,118.0,11.0,8.0,Credit Card,5.0
2023-10-06,66+,GA,Other,High,Affiliates,Clothing,Jeans,Levis,Bootcut,103.0,100.0,2.0,1.92,205.0,3.0,2.0,Credit Card,4.0
2023-10-06,36-45,TX,Female,High,Organic,Clothing,Jeans,Wrangler,Authentics,46.0,30.0,3.0,1.23,137.0,4.0,42.0,Digital Wallet,4.0
2023-10-06,36-45,FL,Male,Middle,App,Home,Beds,Tempur-Pedic,Cloud Supreme,1831.0,1800.0,1.0,0.92,1831.0,13.0,18.0,Digital Wallet,5.0
2023-10-06,56-65,NY,Male,Low,App,Home,Beds,Tempur-Pedic,Contour Elite,1823.0,1700.0,1.0,1.36,1823.0,15.0,109.0,Debit Card,5.0
2023-10-06,18-25,TX,Female,High,Organic,Beauty,Makeup,Maybelline,Fit Me Foundation,17.0,15.0,2.0,1.45,34.0,3.0,1.0,Credit Card,3.0
2023-10-06,36-45,PA,Male,Middle,PPC,Clothing,T-Shirts,Nike,Sportswear,35.0,25.0,2.0,1.63,70.0,4.0,16.0,Credit Card,4.0
2023-10-06,36-45,CA,Female,Middle,Organic,Home,Beds,Serta,Perfect Sleeper,838.0,750.0,1.0,1.44,838.0,10.0,79.0,BNPL,2.0
2023-10-06,26-35,CA,Female,Middle,Organic,Clothing,Jeans,Wrangler,Authentics,47.0,30.0,3.0,0.74,140.0,3.0,47.0,BNPL,5.0
2023-10-06,36-45,FL,Male,Middle,Others,Home,Beds,Tempur-Pedic,Contour Elite,1675.0,1700.0,1.0,1.89,1675.0,13.0,-38.0,Credit Card,5.0
2023-10-06,46-55,TX,Female,High,Email,Clothing,T-Shirts,Nike,Pro,46.0,30.0,2.0,0.86,91.0,3.0,28.0,Credit Card,3.0
2023-10-06,66+,CA,Male,Middle,App,Electronics,Laptops,Dell,Inspiron,770.0,600.0,1.0,1.39,770.0,6.0,165.0,Digital Wallet,3.0
2023-10-06,66+,CA,Female,Low,Organic,Electronics,Smartphones,Samsung,Galaxy A32,263.0,250.0,2.0,1.12,527.0,8.0,19.0,Digital Wallet,2.0
2023-10-06,66+,NY,Female,High,PPC,Electronics,Smartphones,Samsung,Galaxy S21,722.0,500.0,3.0,1.26,2167.0,18.0,650.0,Digital Wallet,5.0
2023-10-06,46-55,MI,Other,Low,Others,Clothing,T-Shirts,Nike,Pro,39.0,30.0,5.0,0.7,194.0,8.0,36.0,Digital Wallet,6.0
2023-10-06,36-45,NY,Male,Low,Email,Beauty,Makeup,Maybelline,Lash Sensational Mascara,12.0,10.0,4.0,1.76,49.0,5.0,4.0,Debit Card,4.0
2023-10-06,46-55,CA,Male,Middle,Organic,Beauty,Makeup,Maybelline,Fit Me Foundation,16.0,15.0,3.0,1.05,48.0,3.0,0.0,Credit Card,4.0
2023-10-06,26-35,CA,Female,Middle,Others,Electronics,Smartphones,Apple,iPhone 14,849.0,700.0,3.0,1.75,2547.0,13.0,435.0,Debit Card,3.0
2023-10-06,66+,OH,Other,Low,Affiliates,Clothing,Jeans,Levis,Bootcut,96.0,100.0,1.0,1.93,96.0,3.0,-7.0,Credit Card,2.0
2023-10-06,18-25,CA,Female,Low,Organic,Electronics,Smartphones,Apple,iPhone 14,849.0,700.0,3.0,1.99,2546.0,13.0,433.0,Debit Card,3.0
2023-10-06,46-55,FL,Male,Middle,Affiliates,Clothing,Jeans,Wrangler,Regular Fit,51.0,35.0,2.0,1.85,102.0,4.0,28.0,Credit Card,4.0
2023-10-06,46-55,IL,Male,Low,App,Beauty,Skincare,Neutrogena,Oil-Free Acne Wash,19.0,15.0,4.0,1.22,78.0,4.0,14.0,Debit Card,5.0
2023-10-06,66+,NC,Male,Middle,Organic,Beauty,Makeup,Maybelline,Lash Sensational Mascara,17.0,10.0,4.0,1.57,70.0,6.0,24.0,Debit Card,5.0
2023-10-06,26-35,IL,Female,Middle,Organic,Beauty,Skincare,Neutrogena,Hydro Boost Gel,21.0,20.0,3.0,0.88,63.0,4.0,-1.0,BNPL,4.0
2023-10-06,66+,PA,Male,Low,Email,Beauty,Makeup,Maybelline,Fit Me Foundation,15.0,15.0,6.0,1.96,89.0,5.0,-6.0,Credit Card,7.0
2023-10-06,56-65,TX,Female,Low,Organic,Clothing,Jeans,Levis,Slim Fit,62.0,50.0,2.0,1.6,124.0,3.0,21.0,Digital Wallet,2.0
2023-10-06,36-45,GA,Female,Middle,Organic,Home,Beds,Tempur-Pedic,Contour Elite,1704.0,1700.0,1.0,1.5,1704.0,11.0,-6.0,Debit Card,3.0
2023-10-06,18-25,FL,Female,Middle,PPC,Beauty,Makeup,Maybelline,Fit Me Foundation,18.0,15.0,1.0,1.98,18.0,3.0,-0.0,Credit Card,2.0
2023-10-06,36-45,TX,Other,Middle,PPC,Electronics,Smartphones,Samsung,Galaxy A32,321.0,250.0,3.0,1.47,964.0,15.0,200.0,Credit Card,4.0
2023-10-06,56-65,FL,Male,Low,Organic,Electronics,Laptops,Dell,XPS,1391.0,1300.0,5.0,0.72,6957.0,41.0,417.0,Debit Card,5.0
2023-10-06,36-45,PA,Female,Low,PPC,Clothing,Jeans,Wrangler,Authentics,46.0,30.0,1.0,1.8,46.0,3.0,13.0,Credit Card,2.0
2023-10-06,26-35,IL,Female,High,Affiliates,Clothing,T-Shirts,Nike,Sportswear,35.0,25.0,1.0,0.95,35.0,3.0,7.0,Digital Wallet,3.0
2023-10-06,36-45,GA,Male,Low,Organic,Home,Beds,Tempur-Pedic,Contour Elite,1786.0,1700.0,2.0,1.65,3573.0,23.0,150.0,Digital Wallet,6.0
2023-10-06,66+,FL,Female,Low,Email,Clothing,Jeans,Wrangler,Regular Fit,62.0,35.0,2.0,0.64,124.0,4.0,50.0,Digital Wallet,2.0
2023-10-06,26-35,GA,Female,Middle,Affiliates,Clothing,T-Shirts,Adidas,Essentials,35.0,35.0,3.0,1.62,106.0,3.0,-2.0,BNPL,4.0
2023-10-06,36-45,NY,Female,High,Organic,Electronics,Smartphones,Apple,iPhone 15,982.0,800.0,3.0,0.95,2947.0,18.0,529.0,Digital Wallet,5.0
2023-10-06,56-65,TX,Female,Middle,Email,Clothing,Jeans,Levis,Slim Fit,60.0,50.0,3.0,1.51,181.0,4.0,27.0,BNPL,4.0
2023-10-06,56-65,NY,Other,High,App,Electronics,Smartphones,Samsung,Galaxy A32,338.0,250.0,2.0,0.58,676.0,13.0,163.0,Credit Card,4.0
2023-10-06,46-55,NY,Female,High,Email,Beauty,Makeup,Maybelline,Fit Me Foundation,16.0,15.0,4.0,1.14,64.0,5.0,-1.0,Digital Wallet,5.0
2023-10-06,36-45,FL,Female,Middle,App,Clothing,T-Shirts,Nike,Sportswear,38.0,25.0,5.0,0.84,192.0,7.0,60.0,Digital Wallet,5.0
2023-10-06,18-25,NC,Female,Low,Organic,Electronics,Laptops,Dell,XPS,1409.0,1300.0,2.0,0.85,2818.0,20.0,198.0,BNPL,4.0
2023-10-06,26-35,FL,Other,Middle,Others,Home,Beds,Serta,Perfect Sleeper,833.0,750.0,2.0,1.15,1665.0,25.0,141.0,Digital Wallet,5.0
2023-10-06,26-35,GA,Female,Middle,PPC,Electronics,Smartphones,Apple,iPhone 14,894.0,700.0,3.0,1.1,2683.0,14.0,569.0,Digital Wallet,5.0
2023-10-06,66+,TX,Female,High,Others,Electronics,Laptops,HP,Envy,832.0,700.0,1.0,0.81,832.0,8.0,124.0,Digital Wallet,4.0
2023-10-06,26-35,NC,Female,Low,Email,Home,Furniture,IKEA,Billy Bookcase,134.0,100.0,1.0,1.52,134.0,14.0,20.0,Credit Card,6.0
2023-10-06,36-45,CA,Other,High,PPC,Clothing,Jeans,Levis,Bootcut,102.0,100.0,2.0,1.42,204.0,3.0,1.0,Debit Card,3.0
2023-10-06,66+,CA,Other,Low,Affiliates,Electronics,Laptops,HP,Envy,827.0,700.0,1.0,1.85,827.0,6.0,121.0,Credit Card,3.0
2023-10-06,26-35,NY,Other,Middle,App,Home,Beds,Tempur-Pedic,Contour Elite,1754.0,1700.0,2.0,1.59,3509.0,27.0,82.0,BNPL,5.0
2023-10-06,26-35,TX,Male,Middle,PPC,Home,Beds,Serta,Perfect Sleeper,838.0,750.0,1.0,0.65,838.0,12.0,76.0,Credit Card,4.0
2023-10-06,36-45,NY,Female,High,Email,Clothing,T-Shirts,Nike,Dry-FIT,30.0,20.0,4.0,1.93,120.0,7.0,33.0,Credit Card,4.0
2023-10-06,36-45,TX,Other,Middle,Others,Home,Furniture,IKEA,Kallax Shelf,70.0,60.0,2.0,0.89,140.0,20.0,0.0,Debit Card,4.0
2023-10-06,46-55,IL,Female,Middle,App,Electronics,Laptops,Dell,XPS,1431.0,1300.0,1.0,0.61,1431.0,10.0,121.0,Digital Wallet,5.0
2023-10-06,46-55,FL,Female,High,Others,Clothing,Jeans,Levis,Slim Fit,64.0,50.0,2.0,1.63,127.0,4.0,24.0,Credit Card,3.0
2023-10-06,56-65,OH,Other,Middle,Email,Beauty,Skincare,Neutrogena,Oil-Free Acne Wash,19.0,15.0,3.0,0.74,56.0,3.0,8.0,Digital Wallet,3.0
2023-10-06,36-45,NY,Male,Middle,Others,Clothing,T-Shirts,Nike,Dry-FIT,25.0,20.0,3.0,0.79,76.0,6.0,10.0,BNPL,4.0
2023-10-06,56-65,PA,Male,Middle,Affiliates,Electronics,Laptops,Dell,XPS,1318.0,1300.0,2.0,0.75,2637.0,17.0,19.0,Credit Card,4.0
2023-10-06,56-65,NY,Male,Middle,Email,Clothing,T-Shirts,Nike,Dry-FIT,25.0,20.0,4.0,0.53,101.0,7.0,13.0,Credit Card,7.0
2023-10-06,56-65,FL,Female,Middle,Affiliates,Electronics,Laptops,Dell,XPS,1403.0,1300.0,2.0,0.84,2805.0,17.0,189.0,BNPL,4.0
2023-10-06,56-65,CA,Other,High,Affiliates,Electronics,Smartphones,Apple,iPhone 14,933.0,700.0,3.0,1.58,2798.0,13.0,685.0,Credit Card,3.0
2023-10-06,36-45,PA,Male,Middle,Organic,Electronics,Smartphones,Apple,iPhone 15,998.0,800.0,2.0,1.93,1996.0,11.0,385.0,BNPL,5.0
2023-10-06,46-55,IL,Male,Middle,Affiliates,Clothing,Jeans,Wrangler,Authentics,45.0,30.0,3.0,1.49,136.0,6.0,39.0,Digital Wallet,4.0
2023-10-06,46-55,NY,Male,Low,Organic,Clothing,T-Shirts,Nike,Sportswear,37.0,25.0,1.0,1.92,37.0,4.0,8.0,Credit Card,4.0
2023-10-06,26-35,NC,Male,Middle,App,Electronics,Smartphones,Apple,iPhone SE,554.0,400.0,2.0,1.05,1107.0,14.0,294.0,Credit Card,5.0
2023-10-06,36-45,MI,Other,High,Affiliates,Clothing,Jeans,Levis,Slim Fit,64.0,50.0,2.0,0.57,128.0,5.0,23.0,Digital Wallet,4.0
2023-10-06,26-35,OH,Female,High,Others,Beauty,Skincare,Neutrogena,Hydro Boost Gel,23.0,20.0,3.0,1.71,70.0,3.0,7.0,Credit Card,4.0
2023-10-06,56-65,CA,Other,Middle,Email,Home,Beds,Tempur-Pedic,Contour Elite,1662.0,1700.0,2.0,0.88,3324.0,22.0,-98.0,Digital Wallet,4.0
2023-10-06,36-45,NC,Female,Middle,PPC,Clothing,Jeans,Levis,Bootcut,109.0,100.0,3.0,0.59,326.0,8.0,18.0,Debit Card,5.0
2023-10-06,46-55,MI,Male,Middle,Organic,Clothing,T-Shirts,Nike,Sportswear,33.0,25.0,3.0,1.81,98.0,6.0,17.0,Debit Card,4.0
2023-10-06,56-65,CA,Male,Low,PPC,Clothing,Jeans,Levis,Slim Fit,60.0,50.0,3.0,1.52,181.0,3.0,28.0,Debit Card,3.0
2023-10-06,36-45,GA,Male,Low,Email,Electronics,Smartphones,Apple,iPhone 15,989.0,800.0,1.0,0.83,989.0,4.0,185.0,Digital Wallet,4.0
2023-10-06,26-35,PA,Male,Middle,App,Home,Beds,Tempur-Pedic,Contour Elite,1752.0,1700.0,2.0,1.25,3503.0,25.0,78.0,Credit Card,5.0
2023-10-06,56-65,FL,Female,Middle,Email,Electronics,Smartphones,Apple,iPhone 15,996.0,800.0,3.0,1.6,2987.0,16.0,572.0,Debit Card,3.0
2023-10-06,18-25,OH,Male,Middle,Organic,Clothing,Jeans,Wrangler,Authentics,45.0,30.0,2.0,1.92,89.0,3.0,26.0,Credit Card,4.0
2023-10-06,36-45,PA,Male,Low,Email,Clothing,Jeans,Levis,Slim Fit,67.0,50.0,1.0,1.52,67.0,3.0,14.0,Debit Card,3.0
2023-10-06,26-35,CA,Male,Low,Affiliates,Clothing,Jeans,Wrangler,Authentics,45.0,30.0,1.0,1.26,45.0,3.0,12.0,Debit Card,2.0
2023-10-06,36-45,FL,Other,High,Others,Electronics,Laptops,HP,Envy,796.0,700.0,1.0,0.74,796.0,9.0,87.0,Credit Card,3.0
2023-10-06,56-65,NY,Female,Middle,Organic,Home,Beds,Tempur-Pedic,Cloud Supreme,1909.0,1800.0,2.0,0.97,3818.0,27.0,191.0,Digital Wallet,4.0
2023-10-06,26-35,CA,Female,Middle,PPC,Clothing,Jeans,Levis,501 Original,78.0,60.0,3.0,1.39,234.0,3.0,51.0,Digital Wallet,3.0
2023-10-06,46-55,IL,Male,Middle,App,Electronics,Laptops,Apple Laptop,MacBook Pro M2,1173.0,1200.0,1.0,1.85,1173.0,10.0,-37.0,Credit Card,3.0
2023-10-06,18-25,FL,Male,Middle,Affiliates,Home,Furniture,IKEA,Billy Bookcase,117.0,100.0,1.0,0.55,117.0,11.0,7.0,Credit Card,4.0
2023-10-06,56-65,IL,Male,Low,App,Clothing,Jeans,Wrangler,Regular Fit,51.0,35.0,3.0,1.56,154.0,6.0,43.0,Credit Card,7.0
2023-10-06,56-65,TX,Other,Middle,Organic,Beauty,Skincare,Neutrogena,Oil-Free Acne Wash,18.0,15.0,2.0,1.23,36.0,3.0,3.0,Credit Card,4.0
2023-10-06,56-65,CA,Female,Middle,App,Home,Beds,Serta,iComfort,2024.0,1900.0,2.0,1.89,4048.0,22.0,226.0,Credit Card,4.0
2023-10-06,26-35,FL,Female,Middle,Email,Electronics,Laptops,HP,Envy,834.0,700.0,2.0,1.0,1667.0,17.0,250.0,Debit Card,6.0
2023-10-06,26-35,TX,Female,Middle,Others,Clothing,Jeans,Wrangler,Authentics,41.0,30.0,2.0,0.72,82.0,3.0,19.0,Credit Card,5.0
2023-10-06,56-65,PA,Female,High,Others,Home,Beds,Serta,iComfort,2155.0,1900.0,2.0,0.61,4309.0,25.0,484.0,Credit Card,4.0
2023-10-06,36-45,MI,Male,Middle,App,Electronics,Smartphones,Samsung,Galaxy A32,321.0,250.0,1.0,1.76,321.0,7.0,64.0,Credit Card,3.0
2023-10-06,46-55,FL,Male,Middle,App,Electronics,Laptops,Apple Laptop,MacBook Air M2,1126.0,1000.0,1.0,0.65,1126.0,9.0,118.0,Credit Card,5.0
2023-10-06,46-55,TX,Female,Low,Affiliates,Electronics,Smartphones,Samsung,Galaxy Z Fold 5,1651.0,1500.0,1.0,0.66,1651.0,5.0,147.0,Credit Card,3.0
2023-10-06,26-35,TX,Female,Middle,Affiliates,Electronics,Smartphones,Apple,iPhone 14,923.0,700.0,3.0,1.01,2768.0,15.0,654.0,Debit Card,16.0
2023-10-06,66+,PA,Male,Middle,Affiliates,Electronics,Smartphones,Samsung,Galaxy Z Fold 5,1595.0,1500.0,3.0,0.55,4784.0,16.0,268.0,Credit Card,6.0
2023-10-06,46-55,FL,Male,High,PPC,Home,Beds,Serta,Perfect Sleeper,860.0,750.0,1.0,1.83,860.0,13.0,97.0,Debit Card,3.0
2023-10-06,18-25,TX,Female,Middle,Organic,Beauty,Makeup,Maybelline,Lash Sensational Mascara,12.0,10.0,6.0,1.01,75.0,3.0,12.0,Credit Card,5.0
2023-10-06,18-25,NY,Male,Low,App,Clothing,T-Shirts,Nike,Sportswear,36.0,25.0,1.0,0.54,36.0,4.0,7.0,Debit Card,2.0
2023-10-06,36-45,FL,Male,Middle,App,Home,Beds,Tempur-Pedic,Contour Elite,1765.0,1700.0,1.0,1.98,1765.0,13.0,53.0,Digital Wallet,3.0
2023-10-06,36-45,FL,Female,Middle,Others,Home,Beds,Tempur-Pedic,Contour Elite,1728.0,1700.0,1.0,1.46,1728.0,13.0,15.0,Debit Card,5.0
2023-10-06,18-25,GA,Other,High,Affiliates,Electronics,Smartphones,Apple,iPhone 15,1012.0,800.0,1.0,1.73,1012.0,4.0,208.0,Digital Wallet,3.0
2023-10-06,56-65,GA,Female,Middle,Email,Home,Beds,Tempur-Pedic,Cloud Supreme,1781.0,1800.0,1.0,0.92,1781.0,11.0,-29.0,Credit Card,5.0
2023-10-06,26-35,GA,Male,Middle,Affiliates,Clothing,T-Shirts,Nike,Pro,46.0,30.0,2.0,1.83,92.0,3.0,29.0,Digital Wallet,3.0
2023-10-06,18-25,CA,Male,High,Organic,Home,Beds,Serta,iComfort,2180.0,1900.0,1.0,0.81,2180.0,10.0,271.0,BNPL,4.0
2023-10-06,56-65,CA,Other,Middle,Others,Clothing,T-Shirts,Nike,Pro,43.0,30.0,5.0,0.91,217.0,4.0,63.0,Credit Card,5.0
2023-10-06,56-65,FL,Male,High,App,Clothing,T-Shirts,Adidas,Performance,64.0,45.0,4.0,1.25,256.0,5.0,70.0,Digital Wallet,5.0
2023-10-06,36-45,FL,Male,Low,App,Home,Furniture,IKEA,Billy Bookcase,152.0,100.0,2.0,1.82,305.0,21.0,84.0,Credit Card,7.0
2023-10-06,36-45,NY,Other,High,Affiliates,Beauty,Skincare,Neutrogena,Hydro Boost Gel,19.0,20.0,3.0,1.95,57.0,5.0,-7.0,Digital Wallet,5.0
2023-10-06,36-45,NY,Female,Low,App,Beauty,Makeup,Revlon,ColorStay Lipstick,15.0,15.0,5.0,1.49,73.0,6.0,-8.0,Credit Card,6.0
2023-10-06,46-55,CA,Female,Middle,Others,Beauty,Makeup,Maybelline,Fit Me Foundation,19.0,15.0,4.0,1.23,75.0,3.0,12.0,Credit Card,3.0
2023-10-06,46-55,GA,Female,Middle,App,Beauty,Makeup,Revlon,PhotoReady Concealer,17.0,12.0,3.0,1.57,52.0,3.0,13.0,BNPL,9.0
2023-10-06,26-35,FL,Female,Middle,Organic,Electronics,Smartphones,Samsung,Galaxy A32,271.0,250.0,3.0,1.23,813.0,16.0,47.0,Debit Card,5.0
2023-10-06,36-45,PA,Male,High,Others,Beauty,Makeup,Revlon,PhotoReady Concealer,15.0,12.0,1.0,0.66,15.0,3.0,0.0,Debit Card,4.0
2023-10-06,46-55,IL,Female,High,App,Clothing,Jeans,Levis,501 Original,80.0,60.0,2.0,1.98,161.0,5.0,36.0,Credit Card,2.0
2023-10-06,66+,MI,Female,Middle,PPC,Beauty,Makeup,Revlon,PhotoReady Concealer,17.0,12.0,4.0,0.56,69.0,4.0,16.0,Credit Card,5.0
2023-10-06,46-55,MI,Female,Middle,Others,Beauty,Makeup,Revlon,ColorStay Lipstick,19.0,15.0,2.0,0.65,38.0,3.0,5.0,Digital Wallet,3.0
2023-10-06,46-55,OH,Female,Low,Email,Electronics,Laptops,Apple Laptop,MacBook Air M1,1027.0,900.0,1.0,1.68,1027.0,8.0,119.0,Digital Wallet,4.0
2023-10-06,36-45,TX,Female,Middle,PPC,Clothing,T-Shirts,Nike,Dry-FIT,24.0,20.0,2.0,1.88,48.0,3.0,5.0,Digital Wallet,4.0
2023-10-06,18-25,CA,Female,High,Email,Beauty,Makeup,Maybelline,Lash Sensational Mascara,14.0,10.0,6.0,1.16,82.0,3.0,19.0,Digital Wallet,3.0
2023-10-06,46-55,NY,Female,Middle,App,Electronics,Smartphones,Apple,iPhone 14,893.0,700.0,2.0,1.83,1786.0,13.0,374.0,Digital Wallet,4.0
2023-10-06,36-45,OH,Female,Low,Organic,Home,Beds,Tempur-Pedic,Contour Elite,1764.0,1700.0,2.0,1.69,3528.0,24.0,104.0,Digital Wallet,12.0
2023-10-06,26-35,FL,Female,Middle,Affiliates,Home,Furniture,IKEA,Billy Bookcase,136.0,100.0,1.0,1.63,136.0,11.0,25.0,Credit Card,6.0
2023-10-06,56-65,NY,Male,Middle,App,Beauty,Makeup,Revlon,PhotoReady Concealer,16.0,12.0,3.0,0.76,47.0,4.0,6.0,Digital Wallet,4.0
2023-10-06,56-65,TX,Other,Middle,Affiliates,Beauty,Skincare,Neutrogena,Rapid Wrinkle Repair,23.0,20.0,4.0,0.74,92.0,3.0,9.0,Credit Card,7.0
2023-10-06,26-35,OH,Female,Middle,Affiliates,Beauty,Makeup,Revlon,ColorStay Lipstick,16.0,15.0,1.0,1.94,16.0,3.0,-2.0,Digital Wallet,2.0
2023-10-06,26-35,TX,Male,Middle,App,Beauty,Skincare,Neutrogena,Rapid Wrinkle Repair,32.0,20.0,4.0,0.95,127.0,3.0,44.0,Digital Wallet,5.0
2023-10-06,18-25,TX,Female,Middle,Email,Clothing,Jeans,Levis,501 Original,80.0,60.0,3.0,1.57,239.0,4.0,55.0,Digital Wallet,6.0
2023-10-06,36-45,FL,Female,Low,Affiliates,Home,Furniture,IKEA,Billy Bookcase,143.0,100.0,2.0,1.76,285.0,21.0,65.0,Credit Card,5.0
2023-10-06,46-55,NY,Female,Middle,Email,Beauty,Skincare,Neutrogena,Hydro Boost Gel,20.0,20.0,1.0,0.76,20.0,3.0,-3.0,Digital Wallet,4.0
2023-10-06,26-35,CA,Female,Middle,Others,Home,Furniture,IKEA,Billy Bookcase,146.0,100.0,1.0,0.54,146.0,8.0,38.0,Debit Card,4.0
2023-10-06,56-65,FL,Female,High,Email,Beauty,Skincare,Neutrogena,Rapid Wrinkle Repair,27.0,20.0,3.0,1.08,81.0,3.0,18.0,Credit Card,4.0
2023-10-06,36-45,IL,Female,Low,Others,Clothing,T-Shirts,Nike,Sportswear,36.0,25.0,3.0,1.16,109.0,5.0,29.0,BNPL,4.0
2023-10-06,26-35,NY,Female,Middle,Organic,Home,Beds,Serta,iComfort,2060.0,1900.0,1.0,1.7,2060.0,15.0,145.0,BNPL,5.0
2023-10-06,56-65,NC,Male,Low,Affiliates,Home,Beds,Serta,Perfect Sleeper,833.0,750.0,1.0,1.57,833.0,16.0,67.0,Digital Wallet,5.0
2023-10-06,56-65,NY,Other,Low,Others,Beauty,Makeup,Maybelline,Lash Sensational Mascara,9.0,10.0,6.0,1.01,57.0,6.0,-10.0,BNPL,6.0
2023-10-06,56-65,FL,Female,Middle,Organic,Home,Furniture,IKEA,Billy Bookcase,150.0,100.0,2.0,0.68,301.0,21.0,80.0,Debit Card,4.0
2023-10-06,18-25,GA,Other,Middle,Email,Clothing,T-Shirts,Nike,Dry-FIT,30.0,20.0,4.0,1.8,121.0,3.0,37.0,Debit Card,5.0
2023-10-06,36-45,NY,Female,Middle,Others,Clothing,Jeans,Levis,501 Original,75.0,60.0,2.0,1.84,149.0,6.0,23.0,Credit Card,11.0
2023-10-06,56-65,FL,Female,Low,PPC,Clothing,Jeans,Wrangler,Authentics,41.0,30.0,2.0,1.26,81.0,4.0,17.0,Debit Card,3.0
2023-10-06,36-45,OH,Other,Low,App,Clothing,T-Shirts,Adidas,Performance,69.0,45.0,4.0,1.03,275.0,5.0,90.0,Credit Card,5.0
2023-10-06,56-65,TX,Other,Low,App,Home,Beds,Serta,Perfect Sleeper,830.0,750.0,1.0,1.08,830.0,12.0,68.0,Credit Card,3.0
2023-10-06,18-25,IL,Female,Low,Affiliates,Clothing,Jeans,Wrangler,Regular Fit,60.0,35.0,3.0,0.62,181.0,6.0,70.0,Debit Card,3.0
2023-10-06,46-55,GA,Female,Middle,Organic,Clothing,Jeans,Levis,Slim Fit,64.0,50.0,9.0,1.27,579.0,12.0,117.0,Digital Wallet,6.0
2023-10-06,56-65,MI,Other,Middle,Affiliates,Electronics,Smartphones,Samsung,Galaxy S21,676.0,500.0,3.0,0.6,2028.0,17.0,511.0,Digital Wallet,5.0
2023-10-06,66+,NC,Female,Middle,Organic,Clothing,Jeans,Levis,Slim Fit,60.0,50.0,1.0,0.9,60.0,5.0,4.0,Debit Card,4.0
2023-10-06,66+,CA,Male,High,App,Home,Furniture,IKEA,Billy Bookcase,124.0,100.0,1.0,1.98,124.0,8.0,16.0,Credit Card,4.0
2023-10-06,56-65,GA,Male,High,App,Home,Furniture,IKEA,Kallax Shelf,69.0,60.0,2.0,1.59,137.0,19.0,-1.0,Credit Card,9.0
2023-10-06,26-35,MI,Female,Middle,Organic,Electronics,Smartphones,Apple,iPhone 14,919.0,700.0,1.0,0.64,919.0,7.0,212.0,Digital Wallet,3.0
2023-10-06,26-35,FL,Male,Middle,Others,Beauty,Makeup,Maybelline,Fit Me Foundation,16.0,15.0,4.0,0.86,66.0,3.0,3.0,Debit Card,4.0
2023-10-06,26-35,MI,Male,Low,Organic,Beauty,Skincare,Neutrogena,Rapid Wrinkle Repair,27.0,20.0,1.0,1.82,27.0,3.0,4.0,Credit Card,3.0
2023-10-06,26-35,FL,Other,Middle,Organic,Clothing,Jeans,Wrangler,Authentics,37.0,30.0,3.0,0.8,111.0,5.0,15.0,Debit Card,4.0
2023-10-06,56-65,CA,Male,Middle,App,Clothing,Jeans,Levis,Bootcut,130.0,100.0,1.0,1.25,130.0,3.0,27.0,Credit Card,2.0
2023-10-06,36-45,MI,Male,High,Affiliates,Electronics,Smartphones,Apple,iPhone 15,1013.0,800.0,3.0,1.04,3039.0,17.0,622.0,Debit Card,8.0
2023-10-06,18-25,TX,Male,Middle,Others,Electronics,Laptops,HP,Envy,938.0,700.0,2.0,0.97,1876.0,16.0,460.0,Credit Card,6.0
2023-10-06,36-45,CA,Male,Middle,Affiliates,Electronics,Smartphones,Apple,iPhone 15,979.0,800.0,2.0,0.95,1958.0,8.0,350.0,Digital Wallet,4.0
2023-10-06,36-45,CA,Other,Middle,Organic,Electronics,Laptops,HP,Envy,834.0,700.0,1.0,0.67,834.0,6.0,128.0,Debit Card,4.0
2023-10-06,18-25,MI,Female,Middle,App,Clothing,T-Shirts,Nike,Sportswear,35.0,25.0,2.0,0.92,70.0,4.0,16.0,BNPL,4.0
2023-10-06,26-35,CA,Male,Middle,Organic,Home,Furniture,Ashley Furniture,Dining Table,356.0,200.0,1.0,1.82,356.0,8.0,148.0,Digital Wallet,3.0
2023-10-06,46-55,TX,Other,Middle,Email,Beauty,Makeup,Maybelline,Fit Me Foundation,12.0,15.0,4.0,1.97,48.0,3.0,-15.0,Debit Card,4.0
2023-10-06,18-25,NY,Female,Middle,Organic,Electronics,Smartphones,Apple,iPhone SE,525.0,400.0,3.0,1.04,1575.0,18.0,357.0,BNPL,4.0
2023-10-06,46-55,TX,Male,Middle,Affiliates,Beauty,Makeup,Maybelline,Lash Sensational Mascara,17.0,10.0,2.0,1.23,34.0,3.0,11.0,Credit Card,3.0
2023-10-06,26-35,TX,Other,Middle,App,Home,Beds,Serta,Perfect Sleeper,843.0,750.0,1.0,0.57,843.0,12.0,81.0,Digital Wallet,4.0
2023-10-06,66+,IL,Male,Low,Organic,Clothing,Jeans,Levis,Bootcut,119.0,100.0,1.0,1.48,119.0,3.0,16.0,Credit Card,3.0
2023-10-06,26-35,NC,Male,High,App,Clothing,T-Shirts,Nike,Sportswear,38.0,25.0,2.0,1.82,76.0,6.0,20.0,Debit Card,5.0
2023-10-06,36-45,PA,Male,Low,Organic,Clothing,T-Shirts,Nike,Sportswear,40.0,25.0,4.0,1.19,160.0,6.0,54.0,Credit Card,3.0
2023-10-06,18-25,PA,Male,Low,Email,Beauty,Makeup,Maybelline,Lash Sensational Mascara,15.0,10.0,4.0,1.56,58.0,4.0,15.0,BNPL,5.0
2023-10-06,46-55,FL,Female,High,Email,Electronics,Laptops,HP,Envy,843.0,700.0,1.0,1.92,843.0,9.0,134.0,BNPL,5.0
2023-10-06,26-35,TX,Female,Middle,Others,Electronics,Smartphones,Apple,iPhone 15,934.0,800.0,1.0,1.93,934.0,5.0,129.0,BNPL,4.0
2023-10-06,66+,TX,Other,Middle,Affiliates,Clothing,Jeans,Levis,Slim Fit,60.0,50.0,1.0,1.0,60.0,3.0,7.0,Credit Card,4.0
2023-10-06,36-45,PA,Other,Middle,Email,Beauty,Makeup,Revlon,PhotoReady Concealer,14.0,12.0,6.0,1.47,85.0,5.0,8.0,Debit Card,5.0
2023-10-06,26-35,MI,Other,Middle,App,Clothing,T-Shirts,Nike,Sportswear,36.0,25.0,5.0,1.73,182.0,8.0,49.0,Credit Card,6.0
2023-10-06,18-25,CA,Female,High,PPC,Clothing,Jeans,Wrangler,Regular Fit,45.0,35.0,3.0,1.99,135.0,3.0,27.0,BNPL,3.0
2023-10-06,26-35,NY,Male,Middle,App,Electronics,Laptops,HP,Pavilion,672.0,600.0,2.0,0.97,1344.0,19.0,126.0,Debit Card,4.0
2023-10-06,36-45,CA,Female,Middle,Others,Beauty,Makeup,Revlon,ColorStay Lipstick,14.0,15.0,4.0,0.52,58.0,3.0,-5.0,Credit Card,4.0
2023-10-06,26-35,FL,Female,Low,PPC,Home,Furniture,IKEA,Kallax Shelf,55.0,60.0,2.0,1.43,111.0,21.0,-30.0,Digital Wallet,4.0
2023-10-06,46-55,CA,Female,Middle,Others,Home,Furniture,Ashley Furniture,Sofa,398.0,300.0,1.0,0.96,398.0,8.0,91.0,Debit Card,4.0
2023-10-06,18-25,CA,Male,Middle,Affiliates,Beauty,Makeup,Revlon,ColorStay Lipstick,23.0,15.0,3.0,1.89,68.0,3.0,20.0,Digital Wallet,3.0
2023-10-06,26-35,PA,Male,Middle,App,Beauty,Skincare,Neutrogena,Hydro Boost Gel,22.0,20.0,2.0,0.59,44.0,3.0,1.0,Digital Wallet,4.0
2023-10-06,66+,IL,Male,Middle,Affiliates,Electronics,Laptops,Apple Laptop,MacBook Air M1,974.0,900.0,1.0,1.1,974.0,10.0,64.0,Debit Card,4.0
2023-10-06,26-35,NY,Female,Low,Affiliates,Electronics,Smartphones,Samsung,Galaxy S21,749.0,500.0,3.0,1.91,2247.0,18.0,730.0,Debit Card,5.0
2023-10-06,46-55,PA,Female,Middle,Affiliates,Clothing,T-Shirts,Nike,Dry-FIT,34.0,20.0,4.0,1.85,134.0,6.0,48.0,Digital Wallet,6.0
2023-10-06,46-55,TX,Male,High,PPC,Clothing,T-Shirts,Nike,Pro,35.0,30.0,4.0,0.99,139.0,4.0,14.0,Credit Card,5.0
2023-10-06,18-25,MI,Female,High,Email,Home,Furniture,Ashley Furniture,Sofa,412.0,300.0,2.0,1.7,825.0,22.0,202.0,Debit Card,6.0
2023-10-06,66+,NC,Male,Middle,Organic,Beauty,Makeup,Revlon,ColorStay Lipstick,19.0,15.0,2.0,1.19,39.0,5.0,4.0,Credit Card,3.0
2023-10-06,26-35,CA,Female,Middle,PPC,Beauty,Makeup,Maybelline,Fit Me Foundation,15.0,15.0,2.0,1.64,30.0,3.0,-3.0,Digital Wallet,2.0
2023-10-06,56-65,OH,Other,Low,PPC,Electronics,Smartphones,Samsung,Galaxy A32,289.0,250.0,3.0,1.27,867.0,15.0,102.0,BNPL,4.0
2023-10-06,26-35,PA,Male,High,Email,Electronics,Laptops,Apple Laptop,MacBook Pro M3,1633.0,1500.0,1.0,1.15,1633.0,9.0,124.0,BNPL,4.0
2023-10-06,26-35,FL,Other,Low,App,Electronics,Smartphones,Apple,iPhone SE,505.0,400.0,3.0,1.41,1515.0,16.0,300.0,Digital Wallet,3.0
2023-10-06,56-65,TX,Female,Middle,Organic,Electronics,Laptops,Apple Laptop,MacBook Air M2,1213.0,1000.0,2.0,1.23,2426.0,16.0,410.0,Digital Wallet,4.0
2023-10-06,18-25,MI,Female,Low,Organic,Beauty,Makeup,Revlon,PhotoReady Concealer,20.0,12.0,2.0,0.75,40.0,3.0,13.0,BNPL,5.0
2023-10-06,18-25,NY,Male,Low,Organic,Clothing,Jeans,Levis,Slim Fit,67.0,50.0,2.0,1.81,135.0,6.0,29.0,Debit Card,4.0
2023-10-06,36-45,TX,Male,Low,Email,Home,Beds,Serta,iComfort,1934.0,1900.0,2.0,0.68,3867.0,24.0,44.0,Digital Wallet,5.0
2023-10-06,26-35,MI,Female,Middle,Others,Beauty,Makeup,Maybelline,Fit Me Foundation,20.0,15.0,2.0,0.65,40.0,3.0,7.0,Debit Card,4.0
2023-10-06,56-65,GA,Other,Low,Email,Beauty,Makeup,Maybelline,Fit Me Foundation,18.0,15.0,3.0,1.09,54.0,3.0,6.0,Credit Card,4.0
2023-10-06,36-45,IL,Other,Low,Others,Home,Furniture,Ashley Furniture,Sofa,386.0,300.0,1.0,1.5,386.0,12.0,74.0,Debit Card,4.0
2023-10-06,66+,NC,Female,Middle,App,Beauty,Skincare,Neutrogena,Oil-Free Acne Wash,16.0,15.0,4.0,1.26,63.0,6.0,-3.0,Credit Card,5.0
2023-10-06,36-45,MI,Other,High,App,Beauty,Skincare,Neutrogena,Oil-Free Acne Wash,18.0,15.0,4.0,0.92,73.0,5.0,8.0,Digital Wallet,5.0
2023-10-06,46-55,PA,Female,Middle,Organic,Beauty,Skincare,Neutrogena,Hydro Boost Gel,18.0,20.0,1.0,1.75,18.0,3.0,-5.0,Digital Wallet,3.0
2023-10-06,36-45,CA,Female,Low,Organic,Beauty,Makeup,Revlon,ColorStay Lipstick,18.0,15.0,3.0,0.68,54.0,3.0,6.0,Debit Card,3.0
2023-10-06,66+,PA,Female,High,Organic,Beauty,Makeup,Revlon,PhotoReady Concealer,20.0,12.0,5.0,1.52,99.0,4.0,35.0,BNPL,5.0
2023-10-06,18-25,NY,Other,High,Email,Beauty,Makeup,Maybelline,Lash Sensational Mascara,12.0,10.0,4.0,1.28,48.0,5.0,3.0,BNPL,4.0
2023-10-06,46-55,GA,Other,Middle,Organic,Home,Beds,Tempur-Pedic,Cloud Supreme,1773.0,1800.0,1.0,1.41,1773.0,11.0,-38.0,Digital Wallet,4.0
2023-10-06,26-35,TX,Other,Low,App,Home,Furniture,IKEA,Billy Bookcase,130.0,100.0,2.0,1.78,261.0,20.0,41.0,Credit Card,5.0
2023-10-06,36-45,TX,Male,Middle,Others,Electronics,Smartphones,Apple,iPhone 15,970.0,800.0,3.0,1.06,2911.0,15.0,496.0,Digital Wallet,4.0
2023-10-06,26-35,TX,Other,Middle,Organic,Electronics,Laptops,Apple Laptop,MacBook Pro M3,1568.0,1500.0,1.0,0.85,1568.0,8.0,61.0,Digital Wallet,4.0
2023-10-06,18-25,NY,Female,Middle,Organic,Electronics,Laptops,Dell,Inspiron,828.0,600.0,1.0,1.17,828.0,11.0,217.0,Credit Card,4.0
2023-10-06,18-25,NY,Male,Middle,Organic,Clothing,Jeans,Levis,Bootcut,126.0,100.0,1.0,1.28,126.0,4.0,22.0,Digital Wallet,4.0
2023-10-06,36-45,NC,Other,High,Affiliates,Beauty,Skincare,Neutrogena,Hydro Boost Gel,21.0,20.0,1.0,0.82,21.0,4.0,-3.0,Credit Card,3.0
2023-10-06,18-25,OH,Male,Middle,App,Home,Beds,Tempur-Pedic,Cloud Supreme,1817.0,1800.0,2.0,0.98,3633.0,24.0,9.0,Credit Card,3.0
2023-10-06,56-65,TX,Other,Middle,Organic,Beauty,Makeup,Maybelline,Lash Sensational Mascara,13.0,10.0,5.0,1.29,65.0,3.0,12.0,Digital Wallet,7.0
2023-10-06,66+,CA,Other,Middle,PPC,Clothing,Jeans,Wrangler,Authentics,42.0,30.0,3.0,1.09,126.0,3.0,33.0,Digital Wallet,4.0
2023-10-06,46-55,PA,Female,Middle,App,Home,Furniture,IKEA,Billy Bookcase,152.0,100.0,2.0,1.38,305.0,21.0,84.0,BNPL,6.0
2023-10-06,26-35,OH,Male,Middle,Email,Clothing,T-Shirts,Adidas,Performance,49.0,45.0,1.0,0.85,49.0,3.0,1.0,Digital Wallet,3.0
2023-10-06,18-25,TX,Male,Low,Organic,Clothing,Jeans,Wrangler,Regular Fit,58.0,35.0,2.0,1.81,115.0,3.0,42.0,BNPL,4.0
2023-10-06,46-55,OH,Male,Low,PPC,Beauty,Makeup,Maybelline,Lash Sensational Mascara,14.0,10.0,1.0,1.74,14.0,3.0,1.0,Debit Card,3.0
2023-10-06,66+,NY,Male,Low,App,Electronics,Smartphones,Apple,iPhone 15,997.0,800.0,3.0,1.97,2990.0,18.0,572.0,Debit Card,3.0
2023-10-06,56-65,CA,Male,Middle,Organic,Home,Furniture,Ashley Furniture,Bed Frame,256.0,100.0,2.0,1.1,511.0,18.0,294.0,Digital Wallet,3.0
2023-10-06,56-65,IL,Male,Low,App,Beauty,Skincare,Neutrogena,Rapid Wrinkle Repair,26.0,20.0,2.0,1.79,52.0,3.0,9.0,Digital Wallet,2.0
2023-10-06,46-55,TX,Male,Middle,Others,Electronics,Smartphones,Samsung,Galaxy A32,340.0,250.0,1.0,0.63,340.0,5.0,86.0,Debit Card,2.0
2023-10-06,18-25,PA,Female,Middle,Organic,Clothing,T-Shirts,Nike,Dry-FIT,29.0,20.0,1.0,1.85,29.0,3.0,6.0,BNPL,2.0
2023-10-06,56-65,CA,Other,Middle,Organic,Clothing,T-Shirts,Nike,Sportswear,38.0,25.0,1.0,0.61,38.0,3.0,10.0,Debit Card,2.0
2023-10-06,26-35,CA,Female,Low,Email,Electronics,Smartphones,Apple,iPhone SE,574.0,400.0,3.0,0.91,1722.0,13.0,509.0,Credit Card,3.0
2023-10-06,36-45,FL,Other,Middle,Organic,Beauty,Makeup,Maybelline,Fit Me Foundation,13.0,15.0,5.0,1.63,64.0,4.0,-14.0,Debit Card,5.0
2023-10-06,18-25,GA,Female,Middle,Others,Home,Beds,Tempur-Pedic,Contour Elite,1759.0,1700.0,1.0,0.57,1759.0,11.0,48.0,Debit Card,2.0
2023-10-06,26-35,OH,Female,Middle,App,Home,Beds,Tempur-Pedic,Contour Elite,1841.0,1700.0,1.0,1.12,1841.0,12.0,129.0,Credit Card,4.0
2023-10-06,18-25,TX,Male,Middle,Affiliates,Electronics,Laptops,HP,Pavilion,737.0,600.0,1.0,1.56,737.0,8.0,129.0,Digital Wallet,5.0
2023-10-06,26-35,CA,Female,Low,Affiliates,Clothing,Jeans,Wrangler,Authentics,38.0,30.0,3.0,1.98,115.0,3.0,22.0,Debit Card,4.0
2023-10-06,26-35,CA,Female,Low,Others,Home,Furniture,Ashley Furniture,Bed Frame,211.0,100.0,2.0,1.58,421.0,18.0,204.0,Digital Wallet,4.0
2023-10-06,36-45,NC,Female,Middle,Organic,Electronics,Smartphones,Apple,iPhone 14,932.0,700.0,1.0,1.96,932.0,9.0,224.0,Credit Card,4.0
2023-10-06,56-65,NY,Female,Middle,Email,Clothing,Jeans,Wrangler,Authentics,40.0,30.0,1.0,1.73,40.0,4.0,6.0,Credit Card,4.0
2023-10-06,66+,TX,Female,Middle,Others,Home,Furniture,IKEA,Kallax Shelf,60.0,60.0,2.0,0.84,120.0,20.0,-20.0,Credit Card,4.0
2023-10-06,26-35,NY,Male,Low,Organic,Beauty,Skincare,Neutrogena,Oil-Free Acne Wash,21.0,15.0,1.0,0.61,21.0,3.0,2.0,Debit Card,3.0
2023-10-06,18-25,PA,Other,Middle,Others,Home,Furniture,IKEA,Billy Bookcase,141.0,100.0,2.0,1.74,283.0,21.0,61.0,Debit Card,5.0
2023-10-06,36-45,FL,Male,Middle,PPC,Beauty,Makeup,Maybelline,Fit Me Foundation,18.0,15.0,3.0,1.48,54.0,3.0,6.0,Debit Card,3.0
2023-10-06,26-35,PA,Female,High,Affiliates,Clothing,Jeans,Wrangler,Authentics,47.0,30.0,1.0,0.97,47.0,3.0,14.0,Credit Card,4.0
2023-10-06,46-55,TX,Other,Middle,App,Electronics,Smartphones,Samsung,Galaxy S21,642.0,500.0,2.0,1.44,1285.0,10.0,275.0,Credit Card,4.0
2023-10-06,46-55,NC,Male,High,App,Beauty,Makeup,Revlon,PhotoReady Concealer,16.0,12.0,1.0,1.83,16.0,4.0,-0.0,Digital Wallet,4.0
2023-10-06,66+,IL,Male,High,Affiliates,Beauty,Makeup,Maybelline,Lash Sensational Mascara,12.0,10.0,2.0,1.95,23.0,3.0,0.0,Digital Wallet,4.0
2023-10-06,46-55,NY,Male,Middle,Affiliates,Electronics,Smartphones,Samsung,Galaxy Z Fold 5,1563.0,1500.0,2.0,0.61,3126.0,13.0,114.0,Digital Wallet,4.0
2023-10-06,66+,GA,Male,Low,Email,Home,Beds,Tempur-Pedic,Contour Elite,1647.0,1700.0,2.0,1.74,3293.0,23.0,-129.0,Debit Card,4.0
2023-10-06,56-65,TX,Male,High,Organic,Home,Beds,Tempur-Pedic,Cloud Supreme,1837.0,1800.0,1.0,1.42,1837.0,12.0,25.0,BNPL,4.0
2023-10-06,26-35,IL,Female,High,App,Clothing,T-Shirts,Nike,Sportswear,37.0,25.0,2.0,1.88,75.0,4.0,21.0,Debit Card,4.0
2023-10-06,46-55,IL,Female,Low,App,Electronics,Laptops,Apple Laptop,MacBook Air M1,1034.0,900.0,1.0,1.64,1034.0,10.0,125.0,Credit Card,4.0
2023-10-06,46-55,FL,Female,Middle,Email,Clothing,T-Shirts,Adidas,Performance,73.0,45.0,1.0,1.99,73.0,3.0,25.0,Digital Wallet,3.0
2023-10-06,36-45,GA,Male,Low,Organic,Beauty,Makeup,Maybelline,Lash Sensational Mascara,13.0,10.0,1.0,1.55,13.0,3.0,-0.0,Credit Card,4.0
2023-10-06,26-35,PA,Male,Middle,PPC,Home,Furniture,IKEA,Kallax Shelf,73.0,60.0,2.0,1.77,146.0,21.0,5.0,Credit Card,5.0
2023-10-06,26-35,NY,Female,Low,Others,Clothing,Jeans,Wrangler,Authentics,48.0,30.0,1.0,1.59,48.0,4.0,14.0,Digital Wallet,3.0
2023-10-06,36-45,PA,Female,High,Email,Clothing,T-Shirts,Adidas,Performance,57.0,45.0,3.0,1.83,170.0,5.0,30.0,Digital Wallet,3.0
2023-10-06,66+,NY,Male,Low,Email,Clothing,T-Shirts,Adidas,Performance,64.0,45.0,1.0,1.27,64.0,4.0,16.0,BNPL,4.0
2023-10-06,66+,OH,Other,Middle,App,Electronics,Laptops,Apple Laptop,MacBook Air M2,1068.0,1000.0,1.0,1.34,1068.0,8.0,59.0,BNPL,3.0
2023-10-06,26-35,NY,Male,Middle,App,Clothing,Jeans,Wrangler,Authentics,43.0,30.0,3.0,1.63,128.0,7.0,30.0,Debit Card,4.0
2023-10-06,66+,NY,Female,Middle,App,Clothing,T-Shirts,Adidas,Performance,49.0,45.0,4.0,0.85,197.0,7.0,10.0,Credit Card,6.0
2023-10-06,26-35,IL,Female,Low,Email,Beauty,Skincare,Neutrogena,Oil-Free Acne Wash,18.0,15.0,4.0,1.51,74.0,4.0,9.0,Digital Wallet,4.0
2023-10-06,56-65,GA,Other,Low,Others,Clothing,T-Shirts,Nike,Sportswear,34.0,25.0,5.0,0.58,170.0,5.0,40.0,Digital Wallet,5.0
2023-10-06,36-45,MI,Female,Low,Organic,Beauty,Skincare,Neutrogena,Oil-Free Acne Wash,15.0,15.0,2.0,1.71,29.0,3.0,-4.0,Credit Card,3.0
2023-10-06,36-45,TX,Female,Middle,Organic,Beauty,Makeup,Maybelline,Lash Sensational Mascara,15.0,10.0,2.0,1.3,29.0,3.0,6.0,Digital Wallet,3.0
2023-10-06,26-35,NY,Male,Middle,Others,Beauty,Skincare,Neutrogena,Hydro Boost Gel,25.0,20.0,4.0,1.07,100.0,5.0,15.0,BNPL,4.0
2023-10-06,66+,NY,Male,High,Affiliates,Clothing,T-Shirts,Nike,Dry-FIT,32.0,20.0,3.0,1.49,95.0,6.0,29.0,Debit Card,6.0
2023-10-06,66+,OH,Male,Middle,Organic,Clothing,Jeans,Wrangler,Authentics,48.0,30.0,2.0,1.75,95.0,3.0,32.0,Digital Wallet,4.0
2023-10-06,66+,FL,Male,Low,App,Electronics,Smartphones,Samsung,Galaxy S21,737.0,500.0,1.0,0.75,737.0,6.0,232.0,Debit Card,2.0
2023-10-06,36-45,NC,Male,Middle,Organic,Home,Furniture,IKEA,Billy Bookcase,149.0,100.0,1.0,0.86,149.0,14.0,35.0,Debit Card,6.0
2023-10-06,46-55,TX,Other,Low,Email,Beauty,Skincare,Neutrogena,Oil-Free Acne Wash,16.0,15.0,13.0,1.65,205.0,9.0,1.0,Digital Wallet,9.0
2023-10-06,66+,CA,Female,Middle,Email,Clothing,T-Shirts,Nike,Pro,48.0,30.0,5.0,0.62,240.0,4.0,86.0,Debit Card,5.0
2023-10-06,46-55,NY,Female,High,PPC,Beauty,Makeup,Maybelline,Fit Me Foundation,14.0,15.0,3.0,1.16,43.0,4.0,-7.0,BNPL,3.0
2023-10-06,36-45,TX,Male,Low,Email,Home,Furniture,IKEA,Billy Bookcase,132.0,100.0,2.0,1.68,264.0,20.0,44.0,Credit Card,4.0
2023-10-06,56-65,FL,Male,Low,Organic,Clothing,Jeans,Wrangler,Authentics,49.0,30.0,3.0,1.97,148.0,5.0,53.0,BNPL,4.0
2023-10-06,66+,NC,Female,Low,Organic,Clothing,Jeans,Wrangler,Authentics,47.0,30.0,3.0,1.67,140.0,8.0,41.0,Credit Card,4.0
2023-10-06,36-45,CA,Male,High,Organic,Beauty,Makeup,Maybelline,Fit Me Foundation,20.0,15.0,1.0,1.38,20.0,3.0,2.0,Debit Card,3.0
2023-10-06,56-65,FL,Female,Middle,Affiliates,Beauty,Makeup,Revlon,ColorStay Lipstick,18.0,15.0,5.0,1.91,91.0,4.0,12.0,BNPL,6.0
2023-10-06,36-45,MI,Female,Middle,Others,Electronics,Smartphones,Samsung,Galaxy A32,309.0,250.0,2.0,1.66,617.0,12.0,105.0,Digital Wallet,4.0
2023-10-06,18-25,OH,Male,Middle,Others,Beauty,Skincare,Neutrogena,Oil-Free Acne Wash,15.0,15.0,4.0,1.76,58.0,3.0,-5.0,Credit Card,5.0
2023-10-06,26-35,IL,Other,Middle,Organic,Clothing,Jeans,Levis,501 Original,71.0,60.0,1.0,1.64,71.0,3.0,7.0,BNPL,4.0
2023-10-06,18-25,CA,Male,Middle,App,Beauty,Makeup,Maybelline,Fit Me Foundation,19.0,15.0,2.0,0.98,37.0,3.0,4.0,Debit Card,3.0
2023-10-06,26-35,NC,Female,Middle,Affiliates,Home,Furniture,IKEA,Billy Bookcase,123.0,100.0,1.0,1.88,123.0,14.0,10.0,Digital Wallet,5.0
2023-10-06,36-45,FL,Female,Low,Email,Electronics,Laptops,Apple Laptop,MacBook Air M2,1167.0,1000.0,2.0,1.83,2333.0,17.0,317.0,Credit Card,4.0
2023-10-06,56-65,CA,Other,Low,Organic,Home,Furniture,IKEA,Billy Bookcase,143.0,100.0,1.0,1.41,143.0,8.0,35.0,Digital Wallet,3.0
2023-10-06,36-45,CA,Other,Middle,Organic,Beauty,Makeup,Maybelline,Fit Me Foundation,19.0,15.0,2.0,1.4,39.0,3.0,6.0,Debit Card,2.0
2023-10-06,56-65,NY,Male,High,Affiliates,Clothing,T-Shirts,Nike,Sportswear,35.0,25.0,5.0,1.22,175.0,9.0,42.0,Digital Wallet,6.0
2023-10-06,56-65,CA,Other,Low,Affiliates,Home,Furniture,IKEA,Kallax Shelf,56.0,60.0,2.0,1.59,112.0,18.0,-25.0,Credit Card,4.0
2023-10-06,26-35,NC,Female,Low,App,Beauty,Makeup,Maybelline,Fit Me Foundation,21.0,15.0,10.0,1.36,207.0,10.0,47.0,Credit Card,8.0
2023-10-06,26-35,MI,Male,Middle,PPC,Electronics,Smartphones,Apple,iPhone 14,918.0,700.0,2.0,0.95,1836.0,12.0,424.0,Digital Wallet,4.0
2023-10-06,36-45,MI,Other,Low,Organic,Beauty,Makeup,Maybelline,Fit Me Foundation,18.0,15.0,3.0,0.76,54.0,4.0,5.0,Digital Wallet,6.0
2023-10-06,18-25,GA,Male,Low,Others,Electronics,Smartphones,Samsung,Galaxy Z Fold 5,1561.0,1500.0,3.0,0.75,4682.0,14.0,168.0,Credit Card,4.0
2023-10-06,26-35,CA,Other,Middle,Others,Clothing,T-Shirts,Nike,Sportswear,36.0,25.0,5.0,1.91,179.0,4.0,51.0,Digital Wallet,4.0
2023-10-06,36-45,TX,Male,Middle,Organic,Beauty,Makeup,Maybelline,Lash Sensational Mascara,14.0,10.0,3.0,1.08,43.0,3.0,10.0,Debit Card,4.0
2023-10-06,26-35,GA,Female,Middle,Email,Beauty,Makeup,Maybelline,Fit Me Foundation,20.0,15.0,2.0,1.49,41.0,3.0,8.0,Digital Wallet,2.0
2023-10-06,18-25,FL,Female,Low,Organic,Clothing,T-Shirts,Nike,Dry-FIT,28.0,20.0,4.0,1.68,110.0,5.0,25.0,Digital Wallet,5.0
2023-10-06,36-45,NY,Other,High,PPC,Home,Furniture,IKEA,Billy Bookcase,167.0,100.0,9.0,1.19,1502.0,93.0,510.0,Credit Card,9.0
2023-10-06,26-35,GA,Other,Low,Organic,Clothing,T-Shirts,Nike,Pro,54.0,30.0,2.0,1.22,108.0,3.0,45.0,Digital Wallet,5.0
2023-10-06,26-35,OH,Male,Middle,Email,Beauty,Skincare,Neutrogena,Oil-Free Acne Wash,19.0,15.0,4.0,1.79,76.0,3.0,13.0,BNPL,5.0
2023-10-06,66+,CA,Male,High,App,Home,Beds,Tempur-Pedic,Cloud Supreme,1865.0,1800.0,1.0,1.06,1865.0,10.0,56.0,BNPL,3.0
2023-10-06,36-45,NC,Female,High,Organic,Electronics,Smartphones,Apple,iPhone SE,547.0,400.0,1.0,0.89,547.0,9.0,138.0,BNPL,4.0
2023-10-06,36-45,TX,Female,Middle,Affiliates,Electronics,Smartphones,Samsung,Galaxy S21,717.0,500.0,3.0,1.08,2152.0,15.0,637.0,Digital Wallet,4.0
2023-10-06,26-35,NY,Male,High,Affiliates,Home,Furniture,IKEA,Billy Bookcase,135.0,100.0,2.0,1.8,271.0,23.0,48.0,Debit Card,5.0
2023-10-06,36-45,TX,Female,Middle,Email,Clothing,Jeans,Levis,501 Original,80.0,60.0,1.0,1.84,80.0,3.0,17.0,Digital Wallet,4.0
2023-10-06,36-45,CA,Male,Low,App,Home,Furniture,Ashley Furniture,Dining Table,317.0,200.0,1.0,0.88,317.0,8.0,110.0,BNPL,5.0
2023-10-06,66+,PA,Male,Middle,Organic,Home,Furniture,IKEA,Billy Bookcase,148.0,100.0,1.0,0.56,148.0,11.0,37.0,Debit Card,6.0
2023-10-06,46-55,PA,Other,Low,Affiliates,Beauty,Makeup,Maybelline,Lash Sensational Mascara,14.0,10.0,2.0,1.85,28.0,3.0,5.0,Credit Card,3.0
2023-10-06,66+,NC,Female,Middle,App,Electronics,Laptops,HP,Envy,820.0,700.0,2.0,1.8,1640.0,20.0,220.0,Debit Card,4.0
2023-10-06,18-25,IL,Female,High,Others,Electronics,Laptops,HP,Pavilion,727.0,600.0,2.0,0.68,1454.0,18.0,237.0,Digital Wallet,5.0
2023-10-06,26-35,NY,Male,Low,PPC,Beauty,Makeup,Maybelline,Lash Sensational Mascara,12.0,10.0,4.0,1.63,50.0,5.0,5.0,Credit Card,4.0
2023-10-06,36-45,TX,Male,Low,Affiliates,Clothing,T-Shirts,Nike,Dry-FIT,25.0,20.0,3.0,1.51,75.0,3.0,12.0,Debit Card,5.0
2023-10-06,36-45,CA,Male,Low,Others,Beauty,Skincare,Neutrogena,Oil-Free Acne Wash,19.0,15.0,2.0,1.33,38.0,3.0,5.0,Digital Wallet,3.0
2023-10-06,26-35,CA,Female,High,Others,Electronics,Smartphones,Apple,iPhone 14,927.0,700.0,2.0,1.05,1853.0,8.0,445.0,Digital Wallet,3.0
2023-10-06,46-55,OH,Female,High,Affiliates,Electronics,Smartphones,Samsung,Galaxy S21,657.0,500.0,2.0,1.34,1313.0,10.0,303.0,BNPL,5.0
2023-10-06,56-65,CA,Female,High,Organic,Clothing,T-Shirts,Adidas,Performance,66.0,45.0,2.0,1.32,132.0,3.0,39.0,BNPL,3.0
2023-10-06,56-65,GA,Female,High,Organic,Electronics,Smartphones,Apple,iPhone 15,1070.0,800.0,1.0,1.78,1070.0,4.0,266.0,Digital Wallet,4.0
2023-10-06,26-35,GA,Male,Middle,App,Beauty,Skincare,Neutrogena,Rapid Wrinkle Repair,23.0,20.0,2.0,1.27,46.0,3.0,3.0,Debit Card,4.0
2023-10-06,56-65,NC,Female,Low,Organic,Clothing,Jeans,Levis,Slim Fit,63.0,50.0,3.0,1.09,189.0,8.0,31.0,Debit Card,5.0
2023-10-06,56-65,OH,Other,Middle,Email,Clothing,Jeans,Wrangler,Authentics,45.0,30.0,3.0,1.76,134.0,5.0,39.0,Digital Wallet,4.0
2023-10-06,66+,MI,Male,Low,App,Electronics,Laptops,Dell,XPS,1466.0,1300.0,1.0,0.66,1466.0,10.0,156.0,Credit Card,4.0
2023-10-06,46-55,IL,Female,Middle,Organic,Clothing,Jeans,Wrangler,Regular Fit,62.0,35.0,2.0,1.76,124.0,5.0,49.0,BNPL,4.0
2023-10-06,66+,MI,Male,Low,Affiliates,Clothing,T-Shirts,Nike,Sportswear,36.0,25.0,5.0,1.93,180.0,8.0,47.0,Debit Card,5.0
2023-10-06,46-55,TX,Male,Low,Organic,Home,Furniture,Ashley Furniture,Sofa,382.0,300.0,2.0,1.27,764.0,20.0,144.0,Debit Card,5.0
2023-10-06,56-65,NC,Male,Middle,Organic,Beauty,Skincare,Neutrogena,Rapid Wrinkle Repair,28.0,20.0,3.0,1.33,85.0,6.0,20.0,Debit Card,5.0
2023-10-06,66+,FL,Other,Middle,App,Clothing,Jeans,Levis,501 Original,73.0,60.0,1.0,1.77,73.0,3.0,10.0,Credit Card,3.0
2023-10-06,26-35,TX,Female,Low,App,Beauty,Makeup,Maybelline,Lash Sensational Mascara,11.0,10.0,4.0,1.69,44.0,3.0,1.0,Credit Card,4.0
2023-10-06,26-35,IL,Female,Middle,Email,Beauty,Makeup,Maybelline,Lash Sensational Mascara,10.0,10.0,1.0,0.72,10.0,3.0,-3.0,Debit Card,3.0
2023-10-06,18-25,NC,Male,Middle,Affiliates,Electronics,Laptops,Apple Laptop,MacBook Pro M2,1297.0,1200.0,2.0,1.49,2594.0,20.0,175.0,Debit Card,5.0
2023-10-06,56-65,NC,Other,Middle,Email,Home,Furniture,IKEA,Billy Bookcase,114.0,100.0,2.0,1.99,229.0,24.0,5.0,Credit Card,6.0
2023-10-06,26-35,IL,Female,Middle,App,Electronics,Smartphones,Samsung,Galaxy S21,781.0,500.0,1.0,1.03,781.0,7.0,275.0,Digital Wallet,4.0
2023-10-06,26-35,PA,Male,Middle,Organic,Clothing,Jeans,Wrangler,Authentics,40.0,30.0,2.0,1.94,80.0,4.0,16.0,BNPL,5.0
2023-10-06,36-45,IL,Female,Middle,Organic,Electronics,Smartphones,Apple,iPhone 15,1028.0,800.0,4.0,0.52,4113.0,22.0,891.0,Debit Card,4.0
2023-10-06,56-65,NC,Female,Middle,App,Clothing,Jeans,Levis,501 Original,79.0,60.0,2.0,0.56,157.0,7.0,31.0,BNPL,5.0
2023-10-06,18-25,CA,Female,Low,Affiliates,Beauty,Makeup,Maybelline,Lash Sensational Mascara,16.0,10.0,4.0,0.94,63.0,3.0,20.0,Debit Card,4.0
2023-10-06,66+,OH,Other,Middle,App,Electronics,Smartphones,Samsung,Galaxy A32,339.0,250.0,1.0,1.84,339.0,5.0,84.0,Digital Wallet,5.0
2023-10-06,36-45,TX,Male,Low,Affiliates,Clothing,Jeans,Levis,Bootcut,113.0,100.0,2.0,0.67,225.0,3.0,22.0,Credit Card,4.0
2023-10-06,46-55,MI,Male,Low,App,Clothing,Jeans,Wrangler,Authentics,56.0,30.0,3.0,1.44,169.0,7.0,73.0,BNPL,4.0
2023-10-06,56-65,TX,Male,Middle,PPC,Beauty,Makeup,Maybelline,Lash Sensational Mascara,12.0,10.0,3.0,1.72,37.0,3.0,4.0,Credit Card,4.0
2023-10-06,66+,NY,Female,Middle,App,Clothing,T-Shirts,Adidas,Performance,64.0,45.0,1.0,0.55,64.0,4.0,16.0,Digital Wallet,4.0
2023-10-06,46-55,CA,Male,Middle,PPC,Clothing,T-Shirts,Adidas,Performance,69.0,45.0,1.0,0.59,69.0,3.0,21.0,Digital Wallet,2.0
2023-10-06,18-25,TX,Other,Low,PPC,Beauty,Makeup,Maybelline,Fit Me Foundation,22.0,15.0,2.0,0.8,44.0,3.0,11.0,Digital Wallet,3.0
2023-10-06,18-25,CA,Male,High,Others,Beauty,Makeup,Revlon,PhotoReady Concealer,16.0,12.0,3.0,1.25,49.0,3.0,10.0,Credit Card,3.0
2023-10-06,26-35,MI,Female,Middle,Organic,Beauty,Makeup,Maybelline,Lash Sensational Mascara,16.0,10.0,3.0,0.82,48.0,4.0,14.0,BNPL,5.0
2023-10-06,18-25,OH,Female,Low,Affiliates,Electronics,Smartphones,Apple,iPhone 15,981.0,800.0,1.0,1.84,981.0,5.0,176.0,Digital Wallet,3.0
2023-10-06,66+,FL,Other,Middle,Organic,Electronics,Laptops,Apple Laptop,MacBook Pro M3,1681.0,1500.0,2.0,0.93,3361.0,17.0,345.0,Credit Card,4.0
2023-10-06,36-45,GA,Female,Middle,App,Clothing,T-Shirts,Adidas,Performance,57.0,45.0,5.0,1.8,284.0,5.0,54.0,Debit Card,5.0
2023-10-06,26-35,FL,Male,Middle,App,Electronics,Smartphones,Apple,iPhone 14,906.0,700.0,1.0,1.6,906.0,6.0,200.0,Credit Card,3.0
2023-10-06,26-35,CA,Female,Middle,Affiliates,Electronics,Smartphones,Samsung,Galaxy A32,301.0,250.0,2.0,0.7,601.0,8.0,94.0,Debit Card,2.0
2023-10-06,56-65,GA,Male,Middle,PPC,Home,Furniture,Ashley Furniture,Dining Table,298.0,200.0,1.0,1.62,298.0,9.0,89.0,BNPL,4.0
2023-10-06,66+,FL,Other,Middle,Affiliates,Beauty,Skincare,Neutrogena,Hydro Boost Gel,18.0,20.0,2.0,1.05,35.0,3.0,-8.0,Credit Card,2.0
2023-10-06,18-25,MI,Other,Middle,Organic,Clothing,Jeans,Levis,Bootcut,96.0,100.0,3.0,1.28,289.0,7.0,-18.0,Digital Wallet,5.0
2023-10-06,46-55,OH,Male,Middle,Others,Electronics,Smartphones,Samsung,Galaxy A32,290.0,250.0,2.0,0.95,580.0,10.0,70.0,Credit Card,4.0
2023-10-06,36-45,TX,Female,Middle,Affiliates,Electronics,Smartphones,Apple,iPhone SE,554.0,400.0,3.0,1.29,1662.0,15.0,447.0,Digital Wallet,5.0
2023-10-06,56-65,CA,Male,High,App,Home,Furniture,Ashley Furniture,Dining Table,377.0,200.0,2.0,1.92,754.0,18.0,337.0,Digital Wallet,4.0
2023-10-06,26-35,CA,Male,High,Affiliates,Beauty,Makeup,Revlon,PhotoReady Concealer,17.0,12.0,1.0,1.12,17.0,3.0,2.0,Credit Card,2.0
2023-10-06,36-45,NC,Other,Low,Email,Clothing,Jeans,Wrangler,Authentics,46.0,30.0,3.0,1.83,137.0,8.0,39.0,Credit Card,5.0
2023-10-06,36-45,IL,Male,Middle,PPC,Clothing,T-Shirts,Nike,Dry-FIT,24.0,20.0,4.0,1.64,96.0,6.0,9.0,Credit Card,4.0
2023-10-06,66+,GA,Female,Low,Affiliates,Electronics,Laptops,Dell,XPS,1511.0,1300.0,2.0,0.81,3021.0,15.0,407.0,Digital Wallet,5.0
2023-10-06,26-35,PA,Male,Low,Affiliates,Home,Beds,Tempur-Pedic,Contour Elite,1702.0,1700.0,1.0,0.74,1702.0,13.0,-11.0,Digital Wallet,5.0
2023-10-06,18-25,OH,Female,Low,App,Home,Beds,Serta,Perfect Sleeper,852.0,750.0,1.0,1.54,852.0,12.0,89.0,Credit Card,4.0
2023-10-06,66+,TX,Female,Low,Organic,Clothing,Jeans,Levis,501 Original,82.0,60.0,3.0,1.85,246.0,4.0,62.0,Credit Card,4.0
2023-10-06,26-35,IL,Other,High,Organic,Beauty,Makeup,Maybelline,Fit Me Foundation,13.0,15.0,5.0,0.63,66.0,5.0,-14.0,Credit Card,4.0
2023-10-06,56-65,FL,Female,Low,App,Clothing,Jeans,Wrangler,Authentics,39.0,30.0,2.0,1.15,78.0,4.0,15.0,Credit Card,3.0
2023-10-06,56-65,MI,Female,Low,Organic,Clothing,T-Shirts,Nike,Dry-FIT,29.0,20.0,1.0,1.17,29.0,3.0,6.0,Digital Wallet,4.0
2023-10-06,26-35,NC,Other,Middle,Others,Clothing,Jeans,Wrangler,Authentics,48.0,30.0,2.0,0.76,96.0,7.0,29.0,Debit Card,4.0
2023-10-06,56-65,FL,Male,Low,App,Clothing,T-Shirts,Adidas,Performance,68.0,45.0,2.0,1.34,135.0,3.0,42.0,Debit Card,4.0
2023-10-06,46-55,IL,Female,Low,Email,Electronics,Smartphones,Apple,iPhone SE,483.0,400.0,1.0,1.05,483.0,7.0,77.0,Debit Card,5.0
2023-10-06,66+,IL,Female,High,Organic,Home,Beds,Serta,iComfort,2088.0,1900.0,2.0,0.75,4177.0,26.0,351.0,Credit Card,4.0
2023-10-06,36-45,NY,Female,Middle,Affiliates,Beauty,Makeup,Maybelline,Fit Me Foundation,12.0,15.0,1.0,0.57,12.0,3.0,-6.0,Digital Wallet,3.0
2023-10-06,66+,NC,Female,Middle,App,Clothing,T-Shirts,Nike,Dry-FIT,28.0,20.0,4.0,1.65,110.0,8.0,22.0,Debit Card,6.0
2023-10-06,66+,CA,Male,Middle,Organic,Electronics,Smartphones,Apple,iPhone 14,905.0,700.0,1.0,1.82,905.0,3.0,202.0,Credit Card,3.0
2023-10-06,36-45,NY,Male,Middle,Organic,Clothing,Jeans,Levis,Bootcut,110.0,100.0,1.0,1.39,110.0,4.0,6.0,Digital Wallet,2.0
2023-10-06,26-35,TX,Female,Middle,Email,Clothing,T-Shirts,Nike,Sportswear,36.0,25.0,4.0,1.22,145.0,4.0,41.0,Credit Card,3.0
2023-10-06,56-65,TX,Male,Low,Others,Beauty,Skincare,Neutrogena,Oil-Free Acne Wash,22.0,15.0,4.0,1.72,88.0,3.0,25.0,Digital Wallet,4.0
2023-10-06,36-45,CA,Female,Low,Affiliates,Clothing,T-Shirts,Adidas,Essentials,40.0,35.0,1.0,0.96,40.0,3.0,2.0,BNPL,3.0
2023-10-06,26-35,NY,Female,High,PPC,Home,Beds,Serta,iComfort,2139.0,1900.0,2.0,1.19,4279.0,27.0,452.0,Credit Card,6.0
2023-10-06,56-65,NY,Female,Middle,Email,Home,Furniture,Ashley Furniture,Sofa,400.0,300.0,1.0,1.58,400.0,13.0,88.0,Credit Card,13.0
2023-10-06,46-55,CA,Male,Middle,Organic,Electronics,Smartphones,Samsung,Galaxy S21,637.0,500.0,3.0,0.84,1911.0,13.0,399.0,Digital Wallet,4.0
2023-10-06,56-65,NY,Female,Low,Organic,Clothing,Jeans,Levis,Slim Fit,61.0,50.0,1.0,0.72,61.0,4.0,7.0,Debit Card,2.0
2023-10-06,26-35,NC,Other,Middle,Organic,Clothing,Jeans,Levis,Slim Fit,59.0,50.0,2.0,0.71,118.0,7.0,11.0,BNPL,4.0
2023-10-06,26-35,TX,Male,High,App,Clothing,Jeans,Levis,Bootcut,110.0,100.0,1.0,0.56,110.0,3.0,7.0,Credit Card,3.0
2023-10-06,26-35,NY,Male,Middle,Organic,Beauty,Makeup,Maybelline,Fit Me Foundation,18.0,15.0,4.0,1.45,73.0,5.0,7.0,Credit Card,4.0
2023-10-06,66+,OH,Male,High,Others,Home,Furniture,IKEA,Kallax Shelf,59.0,60.0,1.0,1.47,59.0,10.0,-11.0,Debit Card,3.0
2023-10-06,18-25,IL,Female,Low,App,Beauty,Makeup,Maybelline,Fit Me Foundation,17.0,15.0,1.0,0.87,17.0,3.0,-1.0,Debit Card,3.0
2023-10-06,26-35,IL,Male,High,Others,Beauty,Makeup,Maybelline,Lash Sensational Mascara,13.0,10.0,6.0,0.56,76.0,5.0,11.0,Credit Card,8.0
2023-10-06,18-25,PA,Female,Middle,Email,Electronics,Smartphones,Apple,iPhone 14,867.0,700.0,1.0,1.4,867.0,6.0,161.0,BNPL,4.0
2023-10-06,18-25,PA,Male,Low,Email,Home,Furniture,Ashley Furniture,Dining Table,363.0,200.0,2.0,1.52,726.0,21.0,305.0,Digital Wallet,4.0
2023-10-06,36-45,CA,Male,High,Others,Clothing,Jeans,Levis,Slim Fit,59.0,50.0,3.0,0.51,176.0,3.0,23.0,Digital Wallet,4.0
2023-10-06,66+,MI,Male,Middle,Organic,Clothing,Jeans,Wrangler,Authentics,46.0,30.0,3.0,1.77,138.0,7.0,42.0,Debit Card,4.0
2023-10-06,26-35,MI,Female,Middle,Affiliates,Beauty,Makeup,Maybelline,Fit Me Foundation,16.0,15.0,3.0,1.24,48.0,4.0,-0.0,Digital Wallet,4.0
2023-10-06,46-55,GA,Male,Middle,App,Clothing,Jeans,Levis,Bootcut,108.0,100.0,3.0,1.88,324.0,3.0,21.0,Digital Wallet,4.0
2023-10-06,66+,CA,Female,Low,App,Home,Beds,Tempur-Pedic,Contour Elite,1785.0,1700.0,2.0,1.17,3570.0,22.0,148.0,Digital Wallet,5.0
2023-10-06,18-25,IL,Male,Middle,Organic,Electronics,Smartphones,Apple,iPhone 14,910.0,700.0,3.0,1.54,2730.0,17.0,614.0,BNPL,3.0
2023-10-06,66+,NY,Male,Middle,Email,Beauty,Makeup,Maybelline,Fit Me Foundation,20.0,15.0,5.0,1.74,99.0,6.0,18.0,Digital Wallet,6.0
2023-10-06,46-55,MI,Female,Middle,Affiliates,Clothing,T-Shirts,Adidas,Performance,52.0,45.0,1.0,0.84,52.0,3.0,3.0,Credit Card,4.0
2023-10-06,18-25,PA,Other,Low,Others,Clothing,T-Shirts,Nike,Sportswear,36.0,25.0,5.0,1.38,178.0,7.0,46.0,Debit Card,5.0
2023-10-06,56-65,IL,Other,Middle,App,Clothing,Jeans,Wrangler,Authentics,49.0,30.0,3.0,0.63,146.0,6.0,50.0,Digital Wallet,4.0
2023-10-06,18-25,CA,Female,Middle,Organic,Clothing,Jeans,Levis,501 Original,73.0,60.0,1.0,1.15,73.0,3.0,10.0,Digital Wallet,2.0
2023-10-06,26-35,TX,Other,Low,Others,Home,Furniture,Ashley Furniture,Sofa,405.0,300.0,1.0,1.84,405.0,10.0,95.0,Credit Card,4.0
2023-10-06,66+,TX,Male,Middle,Others,Electronics,Laptops,Apple Laptop,MacBook Pro M2,1242.0,1200.0,2.0,1.27,2484.0,16.0,69.0,BNPL,4.0
2023-10-06,56-65,CA,Female,Middle,Others,Clothing,Jeans,Levis,Slim Fit,65.0,50.0,2.0,1.14,129.0,3.0,26.0,Digital Wallet,2.0
2023-10-06,26-35,FL,Female,Middle,PPC,Clothing,Jeans,Levis,501 Original,71.0,60.0,2.0,1.87,141.0,4.0,17.0,Debit Card,3.0
2023-10-06,66+,FL,Female,Low,App,Clothing,T-Shirts,Nike,Pro,45.0,30.0,14.0,1.47,629.0,17.0,192.0,Digital Wallet,9.0
2023-10-06,56-65,FL,Other,Low,Email,Home,Furniture,IKEA,Billy Bookcase,190.0,100.0,1.0,0.92,190.0,11.0,79.0,Debit Card,4.0
2023-10-06,46-55,IL,Female,Middle,Others,Home,Furniture,IKEA,Kallax Shelf,89.0,60.0,2.0,0.72,178.0,22.0,37.0,Credit Card,4.0
2023-10-06,18-25,CA,Female,Low,Organic,Electronics,Smartphones,Samsung,Galaxy S21,653.0,500.0,3.0,1.38,1959.0,13.0,446.0,Debit Card,4.0
2023-10-06,36-45,OH,Other,Middle,Affiliates,Electronics,Laptops,Dell,XPS,1374.0,1300.0,1.0,1.87,1374.0,8.0,65.0,Digital Wallet,4.0
2023-10-06,26-35,CA,Male,Low,PPC,Clothing,Jeans,Levis,Bootcut,112.0,100.0,1.0,1.78,112.0,3.0,9.0,Digital Wallet,2.0
2023-10-06,56-65,NC,Female,Low,Others,Home,Beds,Tempur-Pedic,Cloud Supreme,1805.0,1800.0,2.0,0.74,3610.0,28.0,-18.0,BNPL,6.0
2023-10-06,46-55,GA,Female,Middle,App,Electronics,Smartphones,Apple,iPhone 15,1025.0,800.0,2.0,0.75,2049.0,9.0,441.0,Digital Wallet,4.0
2023-10-06,56-65,TX,Male,Low,App,Home,Beds,Tempur-Pedic,Contour Elite,1662.0,1700.0,1.0,1.29,1662.0,12.0,-50.0,BNPL,4.0
2023-10-06,56-65,OH,Male,High,Email,Electronics,Smartphones,Apple,iPhone 14,906.0,700.0,2.0,0.82,1812.0,10.0,402.0,Credit Card,6.0
2023-10-06,66+,CA,Female,Low,Organic,Beauty,Skincare,Neutrogena,Hydro Boost Gel,21.0,20.0,4.0,1.56,85.0,3.0,2.0,Digital Wallet,5.0
2023-10-06,46-55,IL,Female,Low,Others,Electronics,Smartphones,Apple,iPhone 14,880.0,700.0,1.0,0.8,880.0,7.0,173.0,BNPL,3.0
2023-10-06,18-25,OH,Male,Middle,Email,Electronics,Smartphones,Apple,iPhone 15,1006.0,800.0,2.0,1.05,2013.0,10.0,402.0,Digital Wallet,4.0
2023-10-06,26-35,NY,Female,Middle,Organic,Home,Furniture,IKEA,Kallax Shelf,41.0,60.0,2.0,1.24,82.0,23.0,-61.0,BNPL,5.0
2023-10-06,56-65,CA,Female,Middle,Others,Beauty,Skincare,Neutrogena,Hydro Boost Gel,21.0,20.0,2.0,1.74,42.0,3.0,-1.0,Debit Card,3.0
2023-10-06,36-45,CA,Female,Middle,App,Clothing,T-Shirts,Nike,Dry-FIT,27.0,20.0,4.0,0.86,108.0,3.0,25.0,Debit Card,4.0
2023-10-06,66+,NY,Female,Low,App,Clothing,T-Shirts,Adidas,Essentials,36.0,35.0,1.0,0.97,36.0,4.0,-2.0,BNPL,4.0
2023-10-06,36-45,MI,Female,Middle,Organic,Electronics,Smartphones,Apple,iPhone 14,913.0,700.0,3.0,0.51,2739.0,17.0,622.0,Credit Card,4.0
2023-10-06,36-45,FL,Female,Middle,Email,Electronics,Laptops,HP,Envy,874.0,700.0,1.0,1.28,874.0,9.0,165.0,Debit Card,4.0
2023-10-06,26-35,CA,Male,Middle,Affiliates,Electronics,Laptops,Apple Laptop,MacBook Pro M2,1170.0,1200.0,2.0,1.11,2340.0,14.0,-73.0,Debit Card,3.0
2023-10-06,18-25,NY,Male,High,Email,Beauty,Makeup,Maybelline,Fit Me Foundation,14.0,15.0,5.0,1.61,71.0,6.0,-9.0,Debit Card,6.0
2023-10-06,56-65,TX,Female,Middle,Affiliates,Home,Beds,Tempur-Pedic,Cloud Supreme,1816.0,1800.0,2.0,1.08,3633.0,24.0,9.0,Debit Card,5.0
2023-10-06,36-45,CA,Male,Low,Affiliates,Beauty,Skincare,Neutrogena,Oil-Free Acne Wash,16.0,15.0,4.0,0.92,64.0,3.0,1.0,Debit Card,4.0
2023-10-06,46-55,FL,Female,Low,PPC,Clothing,T-Shirts,Adidas,Essentials,35.0,35.0,3.0,1.65,106.0,4.0,-3.0,Digital Wallet,5.0
2023-10-06,56-65,TX,Male,Middle,Organic,Electronics,Laptops,Dell,Inspiron,770.0,600.0,2.0,0.71,1540.0,16.0,324.0,Credit Card,4.0
2023-10-06,66+,OH,Other,Middle,Others,Home,Furniture,IKEA,Kallax Shelf,74.0,60.0,2.0,1.33,148.0,20.0,8.0,Digital Wallet,7.0
2023-10-06,26-35,FL,Male,High,App,Clothing,Jeans,Wrangler,Regular Fit,50.0,35.0,3.0,1.87,149.0,5.0,39.0,Digital Wallet,4.0
2023-10-06,66+,FL,Female,High,App,Electronics,Smartphones,Samsung,Galaxy S21,732.0,500.0,1.0,0.81,732.0,6.0,227.0,Credit Card,2.0
2023-10-06,36-45,TX,Female,High,App,Beauty,Skincare,Neutrogena,Hydro Boost Gel,25.0,20.0,2.0,0.85,50.0,3.0,7.0,Debit Card,4.0
2023-10-06,26-35,FL,Male,High,App,Home,Furniture,IKEA,Billy Bookcase,159.0,100.0,2.0,1.46,318.0,21.0,97.0,Credit Card,6.0
2023-10-06,46-55,CA,Other,High,Organic,Electronics,Laptops,Apple Laptop,MacBook Pro M3,1663.0,1500.0,2.0,1.93,3325.0,14.0,312.0,BNPL,3.0
2023-10-06,46-55,IL,Male,Middle,App,Beauty,Makeup,Revlon,ColorStay Lipstick,16.0,15.0,6.0,1.07,99.0,5.0,3.0,BNPL,7.0
2023-10-06,26-35,MI,Female,Low,Email,Home,Furniture,IKEA,Billy Bookcase,178.0,100.0,1.0,0.66,178.0,12.0,66.0,Debit Card,4.0
2023-10-06,56-65,GA,Female,Low,Organic,Electronics,Smartphones,Samsung,Galaxy S21,656.0,500.0,3.0,1.05,1968.0,14.0,455.0,Credit Card,4.0
2023-10-06,36-45,NY,Male,Middle,Organic,Clothing,Jeans,Levis,501 Original,73.0,60.0,3.0,0.78,218.0,7.0,30.0,Debit Card,3.0
2023-10-06,66+,NY,Female,Middle,Affiliates,Clothing,T-Shirts,Nike,Sportswear,34.0,25.0,3.0,1.41,102.0,6.0,21.0,Debit Card,5.0
2023-10-06,46-55,CA,Other,Middle,App,Beauty,Makeup,Maybelline,Lash Sensational Mascara,10.0,10.0,5.0,1.37,50.0,3.0,-3.0,Digital Wallet,4.0
2023-10-06,56-65,OH,Female,Middle,Email,Clothing,Jeans,Levis,501 Original,74.0,60.0,2.0,0.69,149.0,3.0,26.0,Credit Card,2.0
2023-10-06,26-35,PA,Male,Middle,Affiliates,Clothing,T-Shirts,Adidas,Essentials,37.0,35.0,4.0,0.73,148.0,6.0,2.0,Debit Card,5.0
2023-10-06,26-35,PA,Female,High,Organic,Electronics,Smartphones,Apple,iPhone 15,1025.0,800.0,2.0,0.81,2050.0,11.0,439.0,Debit Card,4.0
2023-10-06,46-55,TX,Female,High,Email,Electronics,Laptops,Apple Laptop,MacBook Air M2,1109.0,1000.0,2.0,1.22,2217.0,16.0,201.0,Debit Card,3.0
2023-10-06,18-25,FL,Female,Low,Affiliates,Beauty,Skincare,Neutrogena,Hydro Boost Gel,22.0,20.0,1.0,1.22,22.0,3.0,-1.0,Debit Card,2.0
2023-10-06,56-65,TX,Other,Low,Affiliates,Electronics,Smartphones,Apple,iPhone 14,914.0,700.0,1.0,0.91,914.0,5.0,209.0,Credit Card,3.0
2023-10-06,18-25,GA,Female,Low,App,Home,Beds,Tempur-Pedic,Cloud Supreme,1823.0,1800.0,2.0,0.92,3647.0,23.0,24.0,BNPL,5.0
2023-10-06,36-45,OH,Male,High,Affiliates,Electronics,Laptops,Dell,Inspiron,771.0,600.0,7.0,1.86,5394.0,56.0,1138.0,Credit Card,7.0
2023-10-06,66+,GA,Male,Middle,Affiliates,Electronics,Smartphones,Apple,iPhone 15,990.0,800.0,1.0,0.72,990.0,4.0,186.0,Debit Card,4.0
2023-10-06,56-65,PA,Female,Low,Organic,Electronics,Smartphones,Apple,iPhone 14,911.0,700.0,1.0,0.67,911.0,6.0,205.0,Debit Card,5.0
2023-10-06,26-35,GA,Other,Middle,Affiliates,Clothing,Jeans,Wrangler,Authentics,44.0,30.0,1.0,1.9,44.0,3.0,11.0,Credit Card,3.0
2023-10-06,46-55,NY,Male,Low,Email,Beauty,Makeup,Maybelline,Lash Sensational Mascara,14.0,10.0,4.0,0.89,56.0,5.0,11.0,BNPL,5.0
2023-10-06,46-55,MI,Male,High,Organic,Beauty,Skincare,Neutrogena,Rapid Wrinkle Repair,27.0,20.0,1.0,1.33,27.0,3.0,4.0,Credit Card,4.0
2023-10-06,18-25,CA,Female,Middle,Email,Beauty,Makeup,Maybelline,Fit Me Foundation,20.0,15.0,1.0,1.69,20.0,3.0,2.0,Digital Wallet,2.0
2023-10-06,18-25,NY,Male,Middle,Affiliates,Electronics,Laptops,Apple Laptop,MacBook Air M2,1165.0,1000.0,5.0,1.58,5825.0,43.0,783.0,Debit Card,7.0
2023-10-06,46-55,FL,Female,High,App,Clothing,T-Shirts,Nike,Dry-FIT,22.0,20.0,1.0,1.95,22.0,3.0,-1.0,Digital Wallet,2.0
2023-10-06,18-25,CA,Female,Middle,PPC,Home,Beds,Serta,iComfort,2104.0,1900.0,2.0,1.78,4209.0,22.0,387.0,Credit Card,4.0
2023-10-06,46-55,PA,Male,Middle,App,Home,Furniture,Ashley Furniture,Bed Frame,259.0,100.0,1.0,1.01,259.0,11.0,147.0,BNPL,5.0
2023-10-06,18-25,CA,Female,Middle,App,Clothing,Jeans,Wrangler,Authentics,43.0,30.0,2.0,0.6,86.0,3.0,23.0,Digital Wallet,3.0
2023-10-06,46-55,CA,Male,Low,Organic,Clothing,T-Shirts,Nike,Sportswear,34.0,25.0,4.0,1.61,138.0,3.0,35.0,BNPL,4.0
2023-10-06,46-55,CA,Female,Middle,App,Electronics,Laptops,Dell,XPS,1336.0,1300.0,1.0,1.86,1336.0,6.0,31.0,Debit Card,3.0
2023-10-06,36-45,FL,Female,Middle,Others,Clothing,Jeans,Levis,Slim Fit,60.0,50.0,3.0,1.86,181.0,5.0,25.0,Credit Card,3.0
2023-10-06,46-55,IL,Male,Low,App,Electronics,Smartphones,Apple,iPhone 15,998.0,800.0,1.0,1.39,998.0,7.0,192.0,Credit Card,4.0
2023-10-06,26-35,TX,Male,Low,Organic,Beauty,Skincare,Neutrogena,Hydro Boost Gel,23.0,20.0,4.0,0.79,94.0,3.0,11.0,BNPL,5.0
2023-10-06,18-25,CA,Other,Low,App,Beauty,Makeup,Maybelline,Lash Sensational Mascara,12.0,10.0,2.0,1.55,25.0,3.0,2.0,Credit Card,2.0
2023-10-06,36-45,OH,Other,Middle,Email,Electronics,Smartphones,Apple,iPhone 15,977.0,800.0,1.0,1.43,977.0,5.0,172.0,Credit Card,2.0
2023-10-06,66+,CA,Male,Middle,Organic,Beauty,Makeup,Maybelline,Lash Sensational Mascara,16.0,10.0,2.0,1.49,31.0,3.0,8.0,Digital Wallet,6.0
2023-10-06,26-35,NC,Male,Low,App,Clothing,T-Shirts,Nike,Dry-FIT,29.0,20.0,1.0,1.43,29.0,5.0,4.0,Credit Card,3.0
2023-10-06,18-25,NY,Female,Low,Organic,Home,Beds,Tempur-Pedic,Cloud Supreme,1842.0,1800.0,2.0,2.0,3684.0,27.0,58.0,Credit Card,4.0
2023-10-06,26-35,OH,Female,Middle,Email,Home,Furniture,IKEA,Billy Bookcase,147.0,100.0,2.0,1.23,294.0,20.0,74.0,Debit Card,13.0
2023-10-06,36-45,MI,Other,Middle,Others,Electronics,Smartphones,Samsung,Galaxy Z Fold 5,1728.0,1500.0,3.0,1.8,5183.0,17.0,666.0,Credit Card,3.0
2023-10-06,66+,TX,Male,Low,Affiliates,Beauty,Makeup,Revlon,ColorStay Lipstick,21.0,15.0,5.0,1.06,103.0,3.0,25.0,Credit Card,2.0
2023-10-06,36-45,MI,Male,Middle,App,Electronics,Smartphones,Samsung,Galaxy Z Fold 5,1498.0,1500.0,2.0,1.93,2996.0,12.0,-16.0,Debit Card,5.0
2023-10-06,36-45,NY,Female,Middle,App,Clothing,Jeans,Wrangler,Regular Fit,52.0,35.0,2.0,0.65,104.0,6.0,28.0,Digital Wallet,4.0
2023-10-06,66+,CA,Male,Middle,Affiliates,Clothing,Jeans,Wrangler,Authentics,47.0,30.0,3.0,1.42,140.0,3.0,47.0,Digital Wallet,3.0
2023-10-06,66+,MI,Female,Middle,Email,Clothing,Jeans,Wrangler,Regular Fit,55.0,35.0,7.0,1.02,385.0,13.0,128.0,Debit Card,5.0
2023-10-06,66+,CA,Female,High,Organic,Beauty,Makeup,Maybelline,Fit Me Foundation,17.0,15.0,4.0,0.87,67.0,3.0,4.0,Digital Wallet,4.0
2023-10-06,26-35,GA,Other,Middle,PPC,Clothing,T-Shirts,Nike,Dry-FIT,28.0,20.0,3.0,0.96,84.0,3.0,21.0,Digital Wallet,4.0
2023-10-06,66+,CA,Male,Middle,Organic,Home,Beds,Tempur-Pedic,Contour Elite,1763.0,1700.0,2.0,1.57,3526.0,22.0,105.0,Credit Card,10.0
2023-10-06,56-65,TX,Male,Middle,Organic,Home,Furniture,Ashley Furniture,Bed Frame,231.0,100.0,2.0,1.84,461.0,20.0,242.0,BNPL,4.0
2023-10-06,56-65,OH,Male,High,Organic,Clothing,Jeans,Levis,501 Original,77.0,60.0,3.0,0.72,232.0,5.0,48.0,Debit Card,5.0
2023-10-06,36-45,FL,Female,Middle,Email,Beauty,Makeup,Revlon,ColorStay Lipstick,19.0,15.0,4.0,2.0,76.0,3.0,13.0,BNPL,7.0
2023-10-06,36-45,CA,Female,High,Organic,Beauty,Makeup,Maybelline,Lash Sensational Mascara,14.0,10.0,7.0,1.7,100.0,3.0,27.0,Debit Card,4.0
2023-10-06,66+,NY,Male,Middle,App,Clothing,Jeans,Levis,501 Original,76.0,60.0,1.0,0.87,76.0,4.0,12.0,Debit Card,3.0
2023-10-06,36-45,NY,Male,Middle,Organic,Clothing,T-Shirts,Adidas,Essentials,43.0,35.0,4.0,1.45,174.0,7.0,26.0,Debit Card,5.0
2023-10-06,56-65,TX,Male,Low,App,Clothing,Jeans,Levis,Slim Fit,46.0,50.0,2.0,1.43,93.0,3.0,-10.0,Credit Card,2.0
2023-10-06,18-25,TX,Male,Middle,Others,Clothing,Jeans,Wrangler,Regular Fit,53.0,35.0,3.0,1.66,159.0,4.0,50.0,BNPL,4.0
2023-10-06,36-45,PA,Female,Middle,Organic,Beauty,Makeup,Revlon,PhotoReady Concealer,16.0,12.0,6.0,1.17,95.0,5.0,18.0,Credit Card,5.0
2023-10-06,26-35,PA,Female,Middle,App,Electronics,Laptops,HP,Pavilion,743.0,600.0,1.0,1.49,743.0,9.0,133.0,Debit Card,3.0
2023-10-06,46-55,CA,Other,Middle,PPC,Beauty,Makeup,Maybelline,Fit Me Foundation,17.0,15.0,2.0,0.91,34.0,3.0,1.0,Debit Card,2.0
2023-10-06,36-45,CA,Female,Middle,Others,Home,Beds,Serta,iComfort,2026.0,1900.0,1.0,1.51,2026.0,10.0,116.0,Credit Card,2.0
2023-10-06,56-65,PA,Female,Low,Organic,Home,Beds,Tempur-Pedic,Cloud Supreme,1963.0,1800.0,2.0,1.18,3927.0,25.0,301.0,Credit Card,3.0
2023-10-06,36-45,MI,Male,Middle,Organic,Electronics,Smartphones,Apple,iPhone 14,906.0,700.0,1.0,1.28,906.0,7.0,199.0,Digital Wallet,3.0
2023-10-06,26-35,IL,Female,Low,Email,Beauty,Makeup,Maybelline,Lash Sensational Mascara,17.0,10.0,4.0,1.77,67.0,4.0,23.0,Credit Card,5.0
2023-10-06,26-35,OH,Male,Middle,PPC,Beauty,Makeup,Revlon,ColorStay Lipstick,20.0,15.0,6.0,1.25,121.0,4.0,27.0,Debit Card,5.0
2023-10-06,18-25,TX,Female,Middle,App,Clothing,Jeans,Levis,Bootcut,127.0,100.0,1.0,1.99,127.0,3.0,24.0,Debit Card,3.0
2023-10-06,66+,PA,Other,Middle,App,Electronics,Laptops,HP,Pavilion,820.0,600.0,15.0,0.97,12294.0,121.0,3173.0,Credit Card,10.0
2023-10-06,26-35,CA,Female,Middle,Others,Electronics,Smartphones,Samsung,Galaxy S21,605.0,500.0,1.0,0.51,605.0,3.0,102.0,Credit Card,2.0
2023-10-06,66+,OH,Female,Low,Email,Clothing,Jeans,Wrangler,Authentics,50.0,30.0,2.0,0.82,100.0,3.0,37.0,Digital Wallet,3.0
2023-10-06,26-35,NY,Female,Low,Email,Clothing,Jeans,Levis,Slim Fit,64.0,50.0,1.0,1.96,64.0,4.0,10.0,Digital Wallet,3.0
2023-10-06,66+,CA,Female,Low,App,Home,Beds,Serta,Perfect Sleeper,825.0,750.0,1.0,1.66,825.0,10.0,65.0,Credit Card,4.0
2023-10-06,36-45,CA,Male,Middle,App,Clothing,T-Shirts,Nike,Sportswear,36.0,25.0,3.0,1.21,109.0,3.0,31.0,Credit Card,4.0
2023-10-06,56-65,NY,Male,High,Organic,Electronics,Laptops,Apple Laptop,MacBook Pro M3,1642.0,1500.0,1.0,1.68,1642.0,11.0,131.0,Credit Card,4.0
2023-10-06,46-55,TX,Male,Low,Organic,Electronics,Smartphones,Apple,iPhone 14,901.0,700.0,3.0,1.59,2704.0,15.0,590.0,Digital Wallet,8.0
2023-10-06,26-35,FL,Male,Low,Email,Beauty,Makeup,Maybelline,Lash Sensational Mascara,15.0,10.0,2.0,0.59,30.0,3.0,7.0,Debit Card,13.0
2023-10-06,26-35,PA,Male,Middle,Organic,Beauty,Makeup,Maybelline,Lash Sensational Mascara,12.0,10.0,3.0,1.67,37.0,3.0,4.0,Debit Card,4.0
2023-10-06,26-35,NY,Female,Middle,Organic,Beauty,Makeup,Revlon,PhotoReady Concealer,18.0,12.0,2.0,1.34,36.0,4.0,8.0,Credit Card,5.0
2023-10-06,18-25,PA,Female,High,Affiliates,Clothing,Jeans,Levis,Slim Fit,63.0,50.0,1.0,1.08,63.0,3.0,10.0,Debit Card,3.0
2023-10-06,26-35,IL,Other,High,App,Home,Beds,Tempur-Pedic,Cloud Supreme,1784.0,1800.0,1.0,1.97,1784.0,14.0,-29.0,Credit Card,4.0
2023-10-06,56-65,IL,Female,Low,Email,Electronics,Smartphones,Samsung,Galaxy A32,319.0,250.0,3.0,1.81,957.0,17.0,190.0,BNPL,4.0
2023-10-06,36-45,FL,Female,High,App,Beauty,Makeup,Maybelline,Fit Me Foundation,20.0,15.0,6.0,1.55,120.0,4.0,26.0,Debit Card,8.0
2023-10-06,36-45,NY,Male,Low,Organic,Beauty,Skincare,Neutrogena,Oil-Free Acne Wash,20.0,15.0,4.0,1.9,81.0,5.0,16.0,Digital Wallet,5.0
2023-10-06,36-45,OH,Female,Low,Others,Electronics,Smartphones,Apple,iPhone SE,568.0,400.0,1.0,1.62,568.0,5.0,162.0,Debit Card,3.0
2023-10-06,46-55,MI,Other,Low,Affiliates,Electronics,Smartphones,Apple,iPhone SE,538.0,400.0,2.0,0.61,1077.0,12.0,265.0,Debit Card,5.0
2023-10-06,66+,CA,Male,High,Organic,Home,Beds,Serta,Perfect Sleeper,855.0,750.0,5.0,1.81,4276.0,58.0,469.0,Digital Wallet,6.0
2023-10-06,56-65,MI,Other,High,App,Beauty,Makeup,Revlon,ColorStay Lipstick,16.0,15.0,5.0,0.59,82.0,5.0,2.0,Debit Card,5.0
2023-10-06,26-35,TX,Male,Low,Email,Clothing,Jeans,Wrangler,Authentics,46.0,30.0,1.0,2.0,46.0,3.0,13.0,Credit Card,4.0
2023-10-06,36-45,FL,Male,Middle,Others,Electronics,Smartphones,Apple,iPhone 15,965.0,800.0,3.0,1.3,2894.0,16.0,479.0,Debit Card,4.0
2023-10-06,46-55,CA,Male,Middle,Email,Home,Beds,Tempur-Pedic,Cloud Supreme,1844.0,1800.0,1.0,0.82,1844.0,10.0,34.0,Digital Wallet,3.0
2023-10-06,46-55,IL,Male,Middle,Affiliates,Home,Furniture,IKEA,Billy Bookcase,101.0,100.0,1.0,1.51,101.0,12.0,-11.0,Digital Wallet,5.0
2023-10-06,66+,NY,Male,Middle,Others,Electronics,Laptops,Dell,XPS,1395.0,1300.0,2.0,1.11,2789.0,19.0,170.0,BNPL,4.0
2023-10-06,36-45,NY,Male,Low,Others,Beauty,Makeup,Maybelline,Fit Me Foundation,15.0,15.0,6.0,0.98,91.0,6.0,-5.0,Credit Card,5.0
2023-10-06,56-65,MI,Male,Low,Organic,Home,Furniture,IKEA,Billy Bookcase,150.0,100.0,2.0,0.89,300.0,22.0,78.0,Digital Wallet,6.0
2023-10-06,26-35,NY,Male,High,App,Clothing,T-Shirts,Nike,Sportswear,39.0,25.0,2.0,0.61,78.0,5.0,23.0,Credit Card,6.0
2023-10-06,36-45,NY,Male,Low,App,Electronics,Smartphones,Apple,iPhone 15,977.0,800.0,2.0,0.77,1955.0,13.0,342.0,Digital Wallet,4.0
2023-10-06,26-35,NY,Male,Middle,Organic,Clothing,Jeans,Levis,Bootcut,92.0,100.0,7.0,1.4,641.0,13.0,-72.0,Debit Card,8.0
2023-10-06,26-35,OH,Other,Low,PPC,Electronics,Smartphones,Samsung,Galaxy S21,658.0,500.0,2.0,1.62,1317.0,10.0,307.0,Debit Card,4.0
2023-10-06,26-35,PA,Female,Middle,Email,Home,Beds,Tempur-Pedic,Contour Elite,1813.0,1700.0,2.0,1.53,3626.0,25.0,201.0,BNPL,4.0
2023-10-06,56-65,NY,Female,Middle,Email,Electronics,Smartphones,Apple,iPhone 14,939.0,700.0,3.0,1.03,2817.0,18.0,699.0,Debit Card,4.0
2023-10-06,46-55,GA,Female,High,Affiliates,Beauty,Makeup,Revlon,PhotoReady Concealer,17.0,12.0,4.0,1.07,68.0,3.0,17.0,BNPL,4.0
2023-10-06,36-45,TX,Other,Middle,Organic,Beauty,Makeup,Maybelline,Fit Me Foundation,21.0,15.0,2.0,1.26,41.0,3.0,8.0,Credit Card,2.0
2023-10-06,26-35,IL,Male,Middle,Others,Clothing,Jeans,Wrangler,Regular Fit,65.0,35.0,2.0,1.24,130.0,5.0,56.0,Digital Wallet,4.0
2023-10-06,18-25,NY,Male,Middle,Email,Home,Furniture,Ashley Furniture,Bed Frame,216.0,100.0,1.0,1.5,216.0,13.0,103.0,Digital Wallet,5.0
2023-10-06,26-35,IL,Male,Middle,App,Electronics,Laptops,Apple Laptop,MacBook Pro M3,1654.0,1500.0,1.0,0.65,1654.0,10.0,144.0,Credit Card,5.0
2023-10-06,18-25,MI,Male,Low,Others,Clothing,Jeans,Wrangler,Authentics,41.0,30.0,1.0,1.64,41.0,4.0,7.0,Credit Card,5.0
2023-10-06,18-25,CA,Male,Middle,Email,Beauty,Makeup,Maybelline,Fit Me Foundation,23.0,15.0,5.0,1.88,115.0,3.0,37.0,Debit Card,3.0
2023-10-06,56-65,PA,Male,High,Email,Home,Furniture,Ashley Furniture,Sofa,404.0,300.0,1.0,1.98,404.0,11.0,93.0,BNPL,4.0
2023-10-06,18-25,CA,Other,Middle,Organic,Beauty,Skincare,Neutrogena,Oil-Free Acne Wash,16.0,15.0,2.0,1.68,32.0,3.0,-1.0,Credit Card,2.0
2023-10-06,18-25,OH,Female,Middle,PPC,Electronics,Laptops,HP,Pavilion,692.0,600.0,12.0,1.85,8301.0,96.0,1005.0,Credit Card,10.0
2023-10-06,56-65,OH,Female,Middle,PPC,Beauty,Skincare,Neutrogena,Hydro Boost Gel,23.0,20.0,4.0,1.41,92.0,3.0,9.0,Digital Wallet,4.0
2023-10-06,46-55,FL,Male,High,Organic,Electronics,Smartphones,Samsung,Galaxy A32,270.0,250.0,1.0,1.79,270.0,6.0,14.0,Debit Card,3.0
2023-10-06,26-35,GA,Male,Low,App,Home,Furniture,Ashley Furniture,Bed Frame,242.0,100.0,2.0,1.35,483.0,19.0,265.0,Credit Card,5.0
2023-10-06,18-25,TX,Male,High,Organic,Beauty,Makeup,Maybelline,Fit Me Foundation,15.0,15.0,2.0,1.12,31.0,3.0,-2.0,Credit Card,3.0
2023-10-06,26-35,NY,Other,Middle,Others,Clothing,Jeans,Wrangler,Authentics,39.0,30.0,2.0,1.22,79.0,6.0,13.0,Debit Card,4.0
2023-10-06,26-35,IL,Female,High,App,Beauty,Makeup,Revlon,ColorStay Lipstick,21.0,15.0,4.0,0.9,83.0,4.0,19.0,Digital Wallet,5.0
2023-10-06,36-45,CA,Male,Middle,Affiliates,Clothing,T-Shirts,Adidas,Performance,59.0,45.0,4.0,1.48,236.0,3.0,53.0,Credit Card,5.0
2023-10-06,18-25,MI,Male,Middle,Email,Beauty,Skincare,Neutrogena,Oil-Free Acne Wash,19.0,15.0,2.0,1.41,37.0,3.0,4.0,Credit Card,3.0
2023-10-06,26-35,CA,Male,Low,Organic,Beauty,Skincare,Neutrogena,Hydro Boost Gel,21.0,20.0,4.0,1.47,82.0,3.0,-1.0,Credit Card,4.0
2023-10-06,26-35,NY,Male,High,Organic,Clothing,T-Shirts,Adidas,Performance,74.0,45.0,3.0,1.22,222.0,6.0,80.0,Debit Card,6.0
2023-10-06,56-65,MI,Male,Middle,App,Electronics,Smartphones,Apple,iPhone 14,858.0,700.0,2.0,1.83,1715.0,12.0,303.0,BNPL,4.0
2023-10-06,26-35,MI,Male,Middle,PPC,Beauty,Makeup,Maybelline,Lash Sensational Mascara,15.0,10.0,1.0,1.96,15.0,3.0,2.0,Digital Wallet,3.0
2023-10-06,26-35,MI,Male,Low,Others,Clothing,T-Shirts,Adidas,Performance,68.0,45.0,5.0,1.6,339.0,8.0,106.0,Digital Wallet,4.0
2023-10-06,66+,PA,Male,Low,Email,Electronics,Laptops,HP,Pavilion,709.0,600.0,1.0,1.26,709.0,9.0,100.0,Debit Card,4.0
2023-10-06,56-65,GA,Male,Low,Others,Clothing,Jeans,Levis,Slim Fit,58.0,50.0,3.0,1.1,174.0,3.0,20.0,Credit Card,5.0
2023-10-06,26-35,FL,Other,High,Email,Home,Furniture,IKEA,Kallax Shelf,62.0,60.0,1.0,0.88,62.0,11.0,-8.0,BNPL,5.0
2023-10-06,56-65,PA,Male,Middle,App,Electronics,Smartphones,Apple,iPhone 14,912.0,700.0,3.0,0.59,2736.0,16.0,620.0,Credit Card,5.0
2023-10-06,18-25,CA,Female,Middle,App,Beauty,Makeup,Maybelline,Lash Sensational Mascara,12.0,10.0,4.0,0.74,47.0,3.0,4.0,Credit Card,2.0
2023-10-06,26-35,NY,Male,Middle,Organic,Home,Beds,Tempur-Pedic,Contour Elite,1731.0,1700.0,1.0,1.52,1731.0,15.0,17.0,Digital Wallet,8.0
2023-10-06,18-25,FL,Male,Low,Email,Clothing,T-Shirts,Nike,Sportswear,38.0,25.0,4.0,1.16,153.0,5.0,47.0,Credit Card,4.0
2023-10-06,66+,OH,Male,Middle,Affiliates,Home,Furniture,IKEA,Kallax Shelf,69.0,60.0,1.0,1.4,69.0,10.0,-2.0,Digital Wallet,3.0
2023-10-06,18-25,FL,Other,Middle,Organic,Clothing,Jeans,Levis,501 Original,72.0,60.0,2.0,1.26,145.0,4.0,21.0,Credit Card,3.0
2023-10-06,56-65,FL,Other,High,App,Beauty,Skincare,Neutrogena,Rapid Wrinkle Repair,30.0,20.0,3.0,1.06,90.0,3.0,27.0,Debit Card,3.0
2023-10-06,26-35,TX,Male,Middle,Organic,Electronics,Laptops,Apple Laptop,MacBook Air M2,1149.0,1000.0,2.0,1.65,2297.0,16.0,281.0,Digital Wallet,4.0
2023-10-06,46-55,PA,Female,High,App,Electronics,Smartphones,Samsung,Galaxy Z Fold 5,1580.0,1500.0,3.0,1.69,4741.0,16.0,225.0,BNPL,5.0
2023-10-06,26-35,OH,Female,Middle,PPC,Electronics,Laptops,Dell,Inspiron,878.0,600.0,1.0,0.78,878.0,8.0,270.0,Digital Wallet,3.0
2023-10-06,46-55,CA,Male,Middle,Affiliates,Clothing,T-Shirts,Nike,Sportswear,32.0,25.0,1.0,1.64,32.0,3.0,4.0,Credit Card,2.0
2023-10-06,26-35,NC,Female,Middle,PPC,Electronics,Smartphones,Samsung,Galaxy S21,671.0,500.0,3.0,0.75,2013.0,19.0,494.0,Debit Card,4.0
2023-10-06,66+,NC,Male,Middle,Organic,Home,Furniture,IKEA,Kallax Shelf,58.0,60.0,1.0,0.8,58.0,14.0,-15.0,Digital Wallet,6.0
2023-10-06,66+,NY,Other,Middle,Organic,Clothing,Jeans,Wrangler,Authentics,52.0,30.0,2.0,0.8,104.0,6.0,39.0,Debit Card,3.0
2023-10-06,56-65,FL,Other,High,Affiliates,Clothing,T-Shirts,Nike,Pro,40.0,30.0,4.0,1.79,159.0,5.0,34.0,Digital Wallet,5.0
2023-10-06,36-45,NY,Other,Low,App,Home,Beds,Tempur-Pedic,Contour Elite,1779.0,1700.0,2.0,0.97,3559.0,27.0,132.0,Debit Card,5.0
2023-10-06,46-55,NC,Male,Middle,Organic,Clothing,Jeans,Levis,501 Original,73.0,60.0,3.0,1.0,218.0,8.0,30.0,BNPL,4.0
2023-10-06,36-45,CA,Other,Low,App,Electronics,Smartphones,Samsung,Galaxy S21,618.0,500.0,3.0,1.96,1855.0,13.0,343.0,Debit Card,3.0
2023-10-06,66+,NY,Other,Low,Others,Home,Furniture,Ashley Furniture,Dining Table,324.0,200.0,1.0,1.6,324.0,13.0,111.0,Digital Wallet,6.0
2023-10-06,26-35,CA,Other,Middle,Email,Electronics,Laptops,Apple Laptop,MacBook Air M2,1150.0,1000.0,9.0,0.89,10346.0,70.0,1276.0,Debit Card,8.0
2023-10-06,26-35,PA,Other,Middle,PPC,Electronics,Smartphones,Samsung,Galaxy A32,342.0,250.0,3.0,1.65,1025.0,16.0,259.0,Digital Wallet,4.0
2023-10-06,36-45,MI,Male,Middle,Organic,Clothing,Jeans,Wrangler,Regular Fit,54.0,35.0,2.0,1.25,108.0,5.0,33.0,BNPL,3.0
2023-10-06,18-25,FL,Other,Low,Others,Electronics,Smartphones,Samsung,Galaxy Z Fold 5,1593.0,1500.0,2.0,1.16,3186.0,11.0,175.0,Digital Wallet,3.0
2023-10-06,36-45,IL,Female,High,Organic,Electronics,Smartphones,Apple,iPhone 15,975.0,800.0,3.0,0.74,2925.0,17.0,509.0,BNPL,5.0
2023-10-06,18-25,TX,Female,Middle,Email,Electronics,Smartphones,Apple,iPhone 14,882.0,700.0,2.0,1.85,1763.0,10.0,354.0,Digital Wallet,3.0
2023-10-06,66+,NY,Male,Middle,Others,Beauty,Skincare,Neutrogena,Rapid Wrinkle Repair,28.0,20.0,1.0,0.91,28.0,3.0,5.0,Digital Wallet,3.0
2023-10-06,56-65,OH,Female,Middle,App,Clothing,Jeans,Wrangler,Authentics,46.0,30.0,2.0,1.8,92.0,3.0,29.0,Digital Wallet,3.0
2023-10-06,36-45,IL,Male,Low,Others,Home,Furniture,Ashley Furniture,Dining Table,322.0,200.0,1.0,1.64,322.0,12.0,110.0,Digital Wallet,4.0
2023-10-06,26-35,IL,Female,Middle,Email,Beauty,Skincare,Neutrogena,Rapid Wrinkle Repair,26.0,20.0,1.0,1.55,26.0,3.0,3.0,Credit Card,4.0
2023-10-06,36-45,GA,Other,Middle,Organic,Home,Furniture,Ashley Furniture,Bed Frame,237.0,100.0,1.0,1.63,237.0,9.0,128.0,Debit Card,4.0
2023-10-06,36-45,FL,Male,Low,Email,Clothing,Jeans,Wrangler,Regular Fit,51.0,35.0,3.0,0.96,154.0,5.0,44.0,Credit Card,4.0
2023-10-06,46-55,FL,Female,Middle,App,Clothing,Jeans,Wrangler,Regular Fit,55.0,35.0,1.0,1.23,55.0,3.0,17.0,Credit Card,2.0
2023-10-06,26-35,PA,Female,Middle,Affiliates,Clothing,Jeans,Wrangler,Authentics,52.0,30.0,2.0,1.56,104.0,4.0,40.0,Digital Wallet,3.0
2023-10-06,26-35,OH,Female,Low,Organic,Electronics,Smartphones,Samsung,Galaxy Z Fold 5,1540.0,1500.0,1.0,1.1,1540.0,5.0,35.0,Credit Card,3.0
2023-10-06,56-65,PA,Male,Low,Organic,Beauty,Makeup,Maybelline,Fit Me Foundation,18.0,15.0,4.0,1.8,72.0,4.0,8.0,Credit Card,5.0
2023-10-06,36-45,OH,Female,High,App,Home,Furniture,IKEA,Kallax Shelf,69.0,60.0,2.0,1.67,137.0,20.0,-3.0,Debit Card,4.0
2023-10-06,36-45,FL,Other,High,Others,Home,Furniture,IKEA,Kallax Shelf,63.0,60.0,2.0,1.66,126.0,21.0,-15.0,Debit Card,6.0
2023-10-06,66+,FL,Female,Low,Organic,Home,Furniture,IKEA,Billy Bookcase,150.0,100.0,2.0,1.78,300.0,21.0,79.0,Digital Wallet,4.0
2023-10-06,26-35,PA,Male,Middle,Affiliates,Electronics,Laptops,Apple Laptop,MacBook Air M2,1178.0,1000.0,1.0,1.13,1178.0,9.0,169.0,Debit Card,4.0
2023-10-06,36-45,TX,Female,Low,App,Home,Furniture,IKEA,Billy Bookcase,145.0,100.0,2.0,1.43,289.0,20.0,70.0,Debit Card,2.0
2023-10-06,56-65,NC,Other,Middle,PPC,Clothing,Jeans,Wrangler,Authentics,42.0,30.0,2.0,1.9,85.0,7.0,18.0,Credit Card,4.0
2023-10-06,46-55,IL,Male,Middle,Organic,Beauty,Skincare,Neutrogena,Rapid Wrinkle Repair,25.0,20.0,1.0,1.82,25.0,3.0,2.0,Credit Card,8.0
2023-10-06,66+,TX,Male,Middle,PPC,Home,Beds,Tempur-Pedic,Cloud Supreme,1872.0,1800.0,2.0,1.45,3745.0,24.0,121.0,Credit Card,5.0
2023-10-06,46-55,FL,Female,Low,Others,Clothing,T-Shirts,Nike,Pro,32.0,30.0,2.0,1.29,65.0,3.0,1.0,Digital Wallet,5.0
2023-10-06,46-55,GA,Other,Middle,App,Clothing,Jeans,Wrangler,Regular Fit,61.0,35.0,2.0,1.32,121.0,3.0,48.0,BNPL,3.0
2023-10-06,36-45,FL,Male,Low,PPC,Home,Furniture,IKEA,Billy Bookcase,164.0,100.0,1.0,1.04,164.0,11.0,53.0,Digital Wallet,6.0
2023-10-06,18-25,CA,Female,High,App,Beauty,Makeup,Maybelline,Fit Me Foundation,21.0,15.0,3.0,0.93,62.0,3.0,14.0,Digital Wallet,5.0
2023-10-06,18-25,GA,Male,Middle,Organic,Home,Furniture,IKEA,Kallax Shelf,69.0,60.0,1.0,0.68,69.0,9.0,1.0,Credit Card,5.0
2023-10-06,26-35,CA,Male,Middle,Organic,Clothing,T-Shirts,Nike,Dry-FIT,27.0,20.0,4.0,1.26,108.0,3.0,25.0,Debit Card,3.0
2023-10-06,26-35,OH,Other,Middle,Email,Beauty,Makeup,Maybelline,Fit Me Foundation,16.0,15.0,2.0,0.79,31.0,3.0,-2.0,Debit Card,5.0
2023-10-06,18-25,CA,Other,Low,Email,Electronics,Laptops,Dell,XPS,1425.0,1300.0,2.0,1.28,2850.0,14.0,236.0,Debit Card,3.0
2023-10-06,46-55,CA,Male,Middle,Organic,Beauty,Skincare,Neutrogena,Oil-Free Acne Wash,17.0,15.0,4.0,0.67,68.0,3.0,5.0,Credit Card,4.0
2023-10-06,18-25,CA,Male,Middle,Affiliates,Home,Furniture,IKEA,Billy Bookcase,102.0,100.0,2.0,1.7,204.0,18.0,-14.0,Digital Wallet,3.0
2023-10-06,46-55,FL,Male,Middle,App,Clothing,T-Shirts,Nike,Dry-FIT,26.0,20.0,5.0,1.6,128.0,7.0,21.0,Credit Card,5.0
2023-10-06,26-35,FL,Male,Middle,Affiliates,Home,Beds,Tempur-Pedic,Cloud Supreme,1878.0,1800.0,1.0,1.33,1878.0,13.0,65.0,Credit Card,5.0
2023-10-06,18-25,CA,Female,Low,App,Electronics,Laptops,HP,Pavilion,794.0,600.0,2.0,0.56,1588.0,14.0,375.0,Digital Wallet,3.0
2023-10-06,26-35,NC,Other,Middle,Affiliates,Clothing,Jeans,Levis,Bootcut,116.0,100.0,3.0,1.16,347.0,8.0,39.0,BNPL,4.0
2023-10-06,26-35,TX,Other,Middle,Organic,Beauty,Makeup,Maybelline,Fit Me Foundation,20.0,15.0,2.0,0.55,40.0,3.0,7.0,Debit Card,2.0
2023-10-06,46-55,TX,Female,Low,Others,Beauty,Makeup,Maybelline,Lash Sensational Mascara,13.0,10.0,5.0,0.61,65.0,3.0,12.0,Debit Card,5.0
2023-10-06,46-55,CA,Other,Low,PPC,Clothing,Jeans,Levis,501 Original,81.0,60.0,3.0,1.42,243.0,3.0,60.0,Digital Wallet,2.0
2023-10-06,36-45,CA,Female,Middle,Email,Beauty,Skincare,Neutrogena,Hydro Boost Gel,20.0,20.0,3.0,0.6,59.0,3.0,-4.0,Debit Card,3.0
2023-10-06,26-35,GA,Other,Low,App,Clothing,Jeans,Levis,501 Original,82.0,60.0,2.0,0.52,164.0,3.0,41.0,BNPL,2.0
2023-10-06,36-45,CA,Male,Middle,Organic,Beauty,Makeup,Maybelline,Lash Sensational Mascara,13.0,10.0,6.0,1.84,78.0,3.0,15.0,Digital Wallet,5.0
2023-10-06,26-35,FL,Male,Low,Others,Clothing,Jeans,Wrangler,Authentics,46.0,30.0,1.0,0.63,46.0,3.0,13.0,Debit Card,4.0
2023-10-06,56-65,CA,Female,High,Organic,Electronics,Smartphones,Apple,iPhone SE,557.0,400.0,2.0,1.94,1114.0,8.0,306.0,Digital Wallet,12.0
2023-10-06,66+,TX,Female,Low,App,Beauty,Makeup,Maybelline,Lash Sensational Mascara,14.0,10.0,2.0,1.93,28.0,3.0,5.0,Credit Card,5.0
2023-10-06,26-35,MI,Female,High,Others,Home,Furniture,IKEA,Billy Bookcase,140.0,100.0,1.0,1.13,140.0,12.0,28.0,Debit Card,8.0
2023-10-06,56-65,OH,Male,Middle,Email,Electronics,Laptops,Apple Laptop,MacBook Pro M2,1310.0,1200.0,1.0,1.92,1310.0,8.0,102.0,Digital Wallet,4.0
2023-10-06,46-55,IL,Other,High,Organic,Home,Furniture,Ashley Furniture,Dining Table,328.0,200.0,2.0,1.94,657.0,22.0,235.0,Digital Wallet,5.0
2023-10-06,26-35,IL,Female,Middle,App,Clothing,T-Shirts,Adidas,Essentials,39.0,35.0,1.0,1.19,39.0,3.0,1.0,Credit Card,4.0
2023-10-06,36-45,NY,Male,Middle,Organic,Clothing,Jeans,Levis,Slim Fit,65.0,50.0,3.0,0.8,194.0,7.0,37.0,Digital Wallet,5.0
2023-10-06,66+,MI,Male,Middle,App,Home,Beds,Tempur-Pedic,Cloud Supreme,1803.0,1800.0,12.0,1.62,21642.0,146.0,-104.0,Digital Wallet,11.0
2023-10-06,26-35,NC,Female,Low,App,Home,Beds,Tempur-Pedic,Contour Elite,1792.0,1700.0,1.0,1.47,1792.0,16.0,76.0,Debit Card,2.0
2023-10-06,26-35,IL,Other,High,Affiliates,Clothing,Jeans,Levis,Slim Fit,63.0,50.0,2.0,1.18,126.0,5.0,21.0,Credit Card,6.0
2023-10-06,18-25,GA,Other,Middle,Organic,Home,Beds,Tempur-Pedic,Contour Elite,1883.0,1700.0,1.0,1.6,1883.0,11.0,172.0,Digital Wallet,4.0
2023-10-06,18-25,CA,Other,Middle,Organic,Beauty,Makeup,Maybelline,Fit Me Foundation,15.0,15.0,5.0,0.99,76.0,3.0,-2.0,Debit Card,4.0
2023-10-06,56-65,CA,Male,Middle,Others,Clothing,Jeans,Levis,Bootcut,101.0,100.0,1.0,1.39,101.0,3.0,-2.0,Credit Card,2.0
2023-10-06,36-45,CA,Other,Middle,Affiliates,Beauty,Makeup,Revlon,ColorStay Lipstick,23.0,15.0,2.0,0.75,45.0,3.0,12.0,Credit Card,2.0
2023-10-06,18-25,TX,Male,Middle,PPC,Clothing,Jeans,Wrangler,Regular Fit,63.0,35.0,1.0,1.21,63.0,3.0,25.0,Digital Wallet,3.0
2023-10-06,36-45,CA,Female,Middle,Organic,Clothing,T-Shirts,Nike,Sportswear,37.0,25.0,3.0,1.55,111.0,3.0,33.0,Digital Wallet,12.0
2023-10-06,18-25,OH,Female,Low,Email,Electronics,Smartphones,Apple,iPhone 15,1016.0,800.0,3.0,0.98,3049.0,15.0,634.0,Digital Wallet,5.0
2023-10-06,46-55,IL,Other,High,App,Home,Beds,Serta,iComfort,2128.0,1900.0,1.0,0.98,2128.0,14.0,214.0,Digital Wallet,5.0
2023-10-06,36-45,NC,Female,High,App,Clothing,T-Shirts,Nike,Sportswear,36.0,25.0,3.0,0.6,107.0,7.0,25.0,Digital Wallet,4.0
2023-10-06,26-35,NC,Male,Middle,Affiliates,Electronics,Smartphones,Apple,iPhone 15,1007.0,800.0,2.0,1.42,2014.0,14.0,401.0,Digital Wallet,5.0
2023-10-06,36-45,PA,Other,High,App,Electronics,Smartphones,Samsung,Galaxy S21,731.0,500.0,2.0,0.71,1461.0,11.0,450.0,Digital Wallet,3.0
2023-10-06,26-35,OH,Male,Middle,Others,Clothing,T-Shirts,Adidas,Performance,75.0,45.0,1.0,0.57,75.0,3.0,27.0,Debit Card,5.0
2023-10-06,46-55,MI,Female,Middle,App,Beauty,Makeup,Maybelline,Fit Me Foundation,14.0,15.0,3.0,1.76,42.0,4.0,-7.0,Credit Card,4.0
2023-10-06,36-45,OH,Male,High,App,Electronics,Laptops,HP,Envy,785.0,700.0,2.0,1.32,1570.0,16.0,154.0,Digital Wallet,4.0
2023-10-06,36-45,NC,Other,Middle,Email,Electronics,Laptops,Apple Laptop,MacBook Pro M3,1597.0,1500.0,2.0,1.59,3194.0,20.0,174.0,Digital Wallet,4.0
2023-10-06,66+,TX,Female,Middle,Organic,Beauty,Makeup,Maybelline,Fit Me Foundation,14.0,15.0,6.0,1.18,85.0,3.0,-9.0,Credit Card,5.0
2023-10-06,26-35,MI,Female,Middle,Organic,Clothing,T-Shirts,Adidas,Essentials,37.0,35.0,3.0,0.52,111.0,6.0,-0.0,Digital Wallet,4.0
2023-10-06,26-35,OH,Male,High,Affiliates,Clothing,T-Shirts,Nike,Dry-FIT,32.0,20.0,4.0,1.34,126.0,5.0,41.0,Digital Wallet,5.0
2023-10-06,18-25,NY,Female,High,Affiliates,Electronics,Smartphones,Apple,iPhone SE,513.0,400.0,1.0,1.54,513.0,8.0,106.0,Debit Card,4.0
